00.039243
00.034555
00.040418
00.038347
00.040377
00.037297
00.044300
00.033122
00.037511
00.038548
00.040620
00.035248
00.041032
00.039469
00.046570
00.042097
00.038859
00.037783
00.035261
00.044163
00.035942
00.037030
00.039498
00.039426
00.038482
00.036850
00.039790
00.036819
00.034496
00.039453
00.033533
00.042122
00.038046
00.037437
00.039260
00.037982
00.041097
00.044435
00.044023
00.040701
00.038139
00.033800
00.035325
00.036977
00.039357
00.039496
00.039021
00.036378
00.041695
00.038199
00.038932
00.041502
00.036245
00.041451
00.036647
00.036312
00.041372
00.037155
00.040405
00.039042
00.039169
00.040317
00.036735
00.040608
00.036377
00.039464
00.040744
00.036511
00.035384
00.036936
00.037498
00.039712
00.040552
00.043125
00.039548
00.036304
00.037186
00.034873
00.040670
00.038749
00.040475
00.034214
00.034770
00.035723
00.035038
00.035050
00.037097
00.038742
00.036021
00.037313
00.041557
00.039645
00.036593
00.038622
00.037688
00.043570
00.036993
00.038885
00.040967
00.037718
