00.033963
00.032782
00.036059
00.038039
00.037454
00.034213
00.033054
00.034941
00.035358
00.038921
00.038110
00.034960
00.033609
00.040239
00.036476
00.036922
00.037038
00.033283
00.034621
00.035049
00.033053
00.039908
00.035522
00.032355
00.035584
00.038433
00.038042
00.039638
00.041437
00.036867
00.035171
00.032619
00.034668
00.038965
00.037311
00.035445
00.034273
00.046039
00.037993
00.036353
00.032862
00.034921
00.035216
00.036650
00.036019
00.033324
00.035893
00.032622
00.033540
00.034517
00.034927
00.042613
00.035997
00.035467
00.034299
00.036208
00.041643
00.035143
00.040698
00.035589
00.035177
00.030258
00.031858
00.032956
00.033470
00.040060
00.035098
00.033655
00.033211
00.034842
00.032997
00.035680
00.033546
00.038617
00.035468
00.033776
00.033945
00.034918
00.035784
00.033263
00.031750
00.033730
00.039102
00.036567
00.037494
00.036557
00.033583
00.034862
00.031188
00.037969
00.032790
00.036719
00.040411
00.039174
00.035759
00.039063
00.032456
00.038322
00.033941
00.037142
