00.589551
00.496899
00.586312
00.580864
00.591914
00.590528
00.593462
00.587619
00.496699
00.584181
00.585165
00.499330
00.604095
00.587799
00.490631
00.499673
00.504417
00.581365
00.590260
00.597405
00.490226
00.503523
00.492827
00.477623
00.592206
00.492836
00.491220
00.392186
00.587693
00.485977
00.583676
00.694150
00.496482
00.602031
00.389631
00.588516
00.490075
00.580397
00.604530
00.579228
00.688049
00.591429
00.587464
00.590391
00.595851
00.593672
00.491162
00.602019
00.594205
00.586485
00.589439
00.489032
00.579105
00.589143
00.598945
00.591484
00.491049
00.489306
00.577410
00.592183
00.489942
00.586029
00.597517
00.491300
00.499431
00.578732
00.681399
00.500956
00.583498
00.491189
00.589427
00.591359
00.590922
00.578075
00.500447
00.490414
00.585785
00.683943
00.500943
00.583405
00.489709
00.587592
00.491403
00.593966
00.488037
00.587635
00.594463
00.587418
00.484846
00.586474
00.596798
00.489635
00.578061
00.600590
00.493407
00.601175
00.593802
00.675296
00.694773
00.494846
