00.051935
00.045262
00.041729
00.047306
00.049671
00.046759
00.048155
00.049757
00.046488
00.044934
00.052453
00.046567
00.044196
00.054085
00.051931
00.052240
00.048971
00.047526
00.051968
00.047712
00.049151
00.048928
00.051178
00.049153
00.045564
00.051356
00.048022
00.046145
00.049186
00.053486
00.049932
00.047752
00.049734
00.048309
00.046547
00.051570
00.043657
00.048293
00.048214
00.046963
00.044439
00.046642
00.052245
00.048094
00.046602
00.050550
00.047186
00.046434
00.050794
00.049398
00.047619
00.045684
00.049238
00.048031
00.045015
00.048119
00.048304
00.044466
00.049649
00.043794
00.047344
00.044748
00.046964
00.051179
00.042366
00.051359
00.050378
00.047027
00.045243
00.045328
00.051050
00.048375
00.048894
00.045399
00.049421
00.044576
00.045038
00.045465
00.046054
00.049266
00.048752
00.040286
00.044866
00.049908
00.050693
00.046891
00.046213
00.049537
00.047867
00.052876
00.051092
00.046817
00.045391
00.046744
00.048265
00.048368
00.045695
00.050993
00.045829
00.049135
