00.041895
00.051487
00.096093
00.043038
00.048388
00.046056
00.039477
00.038005
00.038232
00.039865
00.045843
00.043082
00.048811
00.058441
00.088289
00.044831
00.044809
00.041735
00.050563
00.046521
00.041091
00.047439
00.047923
00.091430
00.092827
00.090483
00.091235
00.046923
00.097802
00.044662
00.041011
00.045129
00.046891
00.069281
00.041767
00.046284
00.046655
00.051252
00.051657
00.092015
00.040887
00.044454
00.091553
00.087983
00.045157
00.040245
00.040250
00.052684
00.044460
00.045113
00.062644
00.092257
00.047186
00.099486
00.041418
00.044665
00.040709
00.043766
00.043233
00.097441
00.089323
00.041175
00.054758
00.071938
00.085421
00.096383
00.090255
00.091162
00.046420
00.048563
00.043486
00.100572
00.086921
00.090929
00.043835
00.043132
00.078091
00.091644
00.042277
00.043254
00.090307
00.083380
00.044038
00.048274
00.078991
00.041486
00.051182
00.081565
00.046749
00.044880
00.079020
00.093857
00.085039
00.037520
00.040549
00.092617
00.087063
00.045741
00.043107
00.082187
