01.275261
01.199675
01.094215
01.089990
01.201239
01.196101
01.175527
01.186176
01.196454
01.176156
01.101398
01.202205
01.183478
01.087398
01.285805
01.295626
01.187892
01.089118
01.284818
01.091026
01.179230
01.199109
01.183500
01.091805
01.101528
01.277176
01.289034
01.192080
01.096537
01.172557
01.201499
01.086687
01.177300
01.188507
01.103123
01.299856
01.190779
01.092653
01.184535
01.190553
01.092236
01.197739
01.178283
01.189624
01.104559
01.173018
01.186707
01.291054
01.186781
01.286852
01.088130
01.087076
01.098685
01.191943
01.187217
01.275942
01.099873
01.191717
01.086577
01.188221
01.097589
01.095543
01.191985
01.177264
01.098704
01.178499
01.197786
01.190627
01.084424
01.192544
01.187550
01.089177
01.186725
01.090488
01.089928
01.273311
01.195240
01.182455
01.194404
01.193017
01.185397
01.087974
01.182009
01.097294
01.102257
01.282027
01.194735
01.274765
01.186810
01.291362
01.199042
01.170264
01.284809
01.105771
01.183907
01.095942
01.172837
01.094504
01.190808
01.192919
