00.238679
00.179055
00.386528
00.100554
00.204749
00.192234
00.222928
00.206734
00.228759
00.207608
00.109979
00.228894
00.172984
00.134786
00.136395
00.163422
00.152997
00.184918
00.221052
00.113292
00.137796
00.172998
00.129298
00.157512
00.274090
00.109243
00.149720
00.121278
00.139724
00.168429
00.142637
00.199514
00.238646
00.132534
00.176104
00.153633
00.199826
00.195771
00.114610
00.292909
00.173605
00.141438
00.221009
00.199811
00.181581
00.139879
00.145625
00.250308
00.176453
00.156377
00.116817
00.109454
00.146333
00.132375
00.143668
00.155462
00.150094
00.170086
00.176297
00.150005
00.171512
00.160912
00.213149
00.291402
00.173917
00.130693
00.130129
00.152700
00.187371
00.208797
00.153287
00.159253
00.182154
00.224633
00.216171
00.138803
00.140747
00.151912
00.130390
00.156565
00.204276
00.204513
00.174067
00.133150
00.226137
00.190329
00.157368
00.273007
00.247359
00.125849
00.138436
00.185842
00.258257
00.193829
00.128689
00.183360
00.140738
00.111305
00.223220
00.201570
