00.187273
00.106685
00.065792
00.163902
00.088721
00.071914
00.084032
00.070662
00.092000
00.130296
00.121030
00.072693
00.091356
00.053561
00.093447
00.062341
00.068096
00.104131
00.149815
00.134188
00.049682
00.055209
00.051394
00.068996
00.091712
00.070500
00.103659
00.075779
00.076089
00.067021
00.110398
00.081115
00.096677
00.072617
00.064751
00.100128
00.105003
00.159271
00.140469
00.071159
00.174855
00.094897
00.054083
00.110548
00.079150
00.066033
00.096836
00.137402
00.059724
00.066193
00.062916
00.089133
00.072078
00.089377
00.104849
00.070569
00.123578
00.107147
00.108342
00.100050
00.070457
00.088168
00.545477
00.036372
00.034852
00.031280
00.038773
00.036191
00.031585
00.037956
00.034188
00.032294
00.034673
00.036463
00.032733
00.035388
00.035687
00.036647
00.034819
00.036836
00.035221
00.035170
00.038583
00.033089
00.033302
00.036770
00.034622
00.040725
00.037151
00.035768
00.037445
00.038167
00.037162
00.037521
00.042122
00.036834
00.035868
00.038017
00.033221
00.035083
