01.014003
00.880724
00.836378
00.690102
00.943939
00.833949
01.139551
00.856213
00.882934
01.010098
00.668074
00.966795
00.931252
00.797338
01.197288
00.675369
01.306567
01.019585
01.182749
01.024751
00.865748
01.358353
01.216302
00.700971
00.752288
00.727043
00.968667
00.927807
01.157366
00.860248
01.067096
01.214140
01.287716
01.141754
01.080063
01.140267
00.886638
01.155860
01.026529
01.048384
00.695761
00.489606
00.684549
00.495306
00.587396
00.485039
00.494142
00.591140
00.494157
00.586165
00.589963
00.590823
00.590016
00.588888
00.591829
00.605363
00.487411
00.490730
00.494145
00.678022
00.494870
00.491227
00.578112
00.603679
00.591993
00.593140
00.589586
00.493179
00.588664
00.580061
00.498841
00.588879
00.592711
00.582542
00.499947
00.577381
00.591189
00.588588
00.597841
00.504828
00.487794
00.584558
00.595534
00.583753
00.594981
00.489097
00.492333
00.578492
00.589640
00.590049
00.686783
00.601038
00.501864
00.482728
00.597086
00.587131
00.494077
00.587158
00.591680
00.684359
