00.101364
00.095751
00.073503
00.118622
00.114360
00.122463
00.086668
00.185799
00.089832
00.082148
00.121474
00.179880
00.170439
00.141056
00.128021
00.136453
00.096522
00.120824
00.114704
00.082944
00.206925
00.089745
00.104504
00.122098
00.098312
00.110509
00.125074
00.082237
00.132736
00.167740
00.133295
00.116957
00.120544
00.104353
00.124196
00.091741
00.149191
00.109817
00.110801
00.085407
00.137714
00.113273
00.085128
00.098392
00.068798
00.094612
00.097072
00.134659
00.111173
00.078873
00.159360
00.147942
00.102129
00.085788
00.088724
00.097928
00.169257
00.121877
00.152644
00.114581
00.151229
00.092079
00.092689
00.156848
00.098195
00.103638
00.185057
00.095384
00.134382
00.093017
00.105755
00.088743
00.109998
00.070128
00.073043
00.097636
00.142001
00.124915
00.093272
00.103126
00.158008
00.096005
00.113027
00.111002
00.099929
00.111970
00.061531
00.124103
00.123523
00.108292
00.122323
00.109681
00.136849
00.116258
00.111150
00.112276
00.113055
00.313386
00.104275
00.149591
