00.324605
00.225800
00.316070
00.204433
00.172634
00.167194
00.213952
00.410263
00.190307
00.234549
00.252822
00.297034
00.317423
00.457324
00.301226
00.371296
00.299123
00.285453
00.301117
00.246594
00.532584
00.232602
00.240409
00.226670
00.266486
00.281573
00.148209
00.203645
00.187661
00.169035
00.219826
00.327456
00.169877
00.162205
00.236396
00.252901
00.259715
00.204012
00.407210
00.223903
00.351657
00.320359
00.302151
00.324604
00.222538
00.229939
00.245069
00.172348
00.202152
00.198112
00.127865
00.238156
00.186317
00.262837
00.182244
00.386769
00.206024
00.128605
00.225133
00.276005
00.272119
00.326489
00.321465
00.259962
00.333529
00.256462
00.239583
00.188403
00.294077
00.313301
00.211135
00.236574
00.307831
00.190206
00.258447
00.287947
00.188171
00.222995
00.293174
00.309400
00.386602
00.249082
00.261553
00.248811
00.199857
00.257382
00.300879
00.179674
00.161006
00.287207
00.309586
00.250312
00.214184
00.210427
00.280868
00.281335
00.183463
00.262751
00.321537
00.180603
