01.860819
01.851235
01.807253
01.883542
01.674183
02.103293
02.032765
01.614384
02.060030
01.833628
01.860222
02.394309
01.900360
02.344627
01.958597
01.951527
02.078683
02.259047
02.009746
02.268301
02.000202
01.931750
01.720809
01.967221
01.815044
01.738507
02.086602
01.621130
01.879952
01.965230
01.873535
01.640306
01.987006
01.713919
01.711279
02.106541
02.105127
01.723171
01.959674
02.096289
02.677509
02.253290
02.034553
02.532866
01.896018
02.105028
02.213748
02.713086
02.363056
01.918733
02.264479
02.517068
02.584130
02.335207
01.833085
01.983341
01.979435
02.217124
01.856358
02.364732
01.930244
02.183280
01.901128
02.157223
02.053389
02.247001
02.652989
01.836414
01.877398
01.872447
02.172872
02.114357
02.075709
01.959364
02.119545
02.523521
02.309232
01.927501
02.102108
02.384217
02.094156
01.763511
02.089554
02.246536
02.429828
02.289997
02.009447
01.895304
02.006858
02.392174
02.239815
02.574580
02.350827
01.977081
02.023616
02.220852
01.977848
01.823403
01.943361
02.179103
