00.149995
00.227481
00.160771
00.147247
00.186584
00.162421
00.164234
00.146232
00.202954
00.227004
00.179667
00.191475
00.157254
00.189739
00.177077
00.206697
00.179800
00.256840
00.177076
00.270318
00.212557
00.175006
00.227260
00.187598
00.206010
00.206535
00.212286
00.213097
00.185751
00.194242
00.216090
00.177523
00.196696
00.290085
00.211753
00.162628
00.299355
00.203742
00.232804
00.178452
00.192000
00.251347
00.317394
00.223871
00.182465
00.224230
00.209752
00.229692
00.195600
00.193679
00.240001
00.211355
00.189632
00.150513
00.352704
00.265325
00.182903
00.169738
00.180115
00.178419
00.213993
00.213450
00.153765
00.202013
00.231049
00.183409
00.208762
00.164644
00.183412
00.191280
00.201904
00.216335
00.166547
00.219924
00.234235
00.237914
00.183157
00.295913
00.213744
00.201852
00.285187
00.183016
00.204201
00.207981
00.214214
00.233079
00.221812
00.172761
00.289319
00.237839
00.160462
00.233478
00.175190
00.291124
00.166145
00.204647
00.202997
00.182568
00.193054
00.155202
