00.140189
00.147042
00.166696
00.169590
00.140357
00.159310
00.105228
00.125073
00.162518
00.145482
00.132792
00.147974
00.122299
00.159384
00.147709
00.095073
00.138943
00.096857
00.181834
00.105829
00.120505
00.147310
00.229841
00.168377
00.200809
00.216316
00.153354
00.114092
00.125729
00.136286
00.165144
00.209045
00.219212
00.156279
00.197012
00.117733
00.113970
00.236003
00.124899
00.149734
00.114302
00.143957
00.136892
00.156389
00.181973
00.162936
00.217740
00.124841
00.137074
00.148041
00.241595
00.135714
00.176528
00.144837
00.133108
00.168070
00.217320
00.117862
00.196399
00.126367
00.110617
00.126039
00.163841
00.146711
00.151030
00.158800
00.123914
00.135203
00.185396
00.184757
00.212736
00.144392
00.108041
00.132795
00.136879
00.259968
00.119768
00.130370
00.156889
00.108963
00.157190
00.115816
00.147088
00.147298
00.190920
00.127389
00.193364
00.162702
00.134068
00.119214
00.131712
00.223035
00.155672
00.151899
00.119946
00.140624
00.146888
00.173163
00.200560
00.167174
