01.324142
01.062120
02.624383
01.798369
03.333235
01.113842
01.165039
01.366128
01.120722
01.243244
01.842653
10.737126
01.115619
01.239695
01.511562
01.341583
06.683476
01.400441
07.886176
01.283711
01.276480
04.642082
12.539345
01.264410
02.834953
02.360547
02.518604
01.337585
01.323155
12.355787
09.330935
01.349395
05.740342
14.367186
01.595740
01.478941
14.435732
14.421510
13.467959
09.083172
01.582319
01.644181
01.622729
01.166008
01.548074
01.268198
01.473533
01.479349
02.712436
01.552546
01.366032
01.404394
01.302227
01.209913
08.100313
01.979482
04.032862
07.122734
02.573347
01.351233
02.647548
01.272256
01.636619
09.800013
01.326307
01.774909
13.247242
11.761966
01.507618
09.631363
15.395939
01.568563
01.764348
01.877354
02.715089
09.382920
06.328210
15.906135
14.759357
01.357178
01.596355
02.200651
01.356844
05.900224
16.462019
11.967254
09.569686
01.696237
02.767319
01.493353
01.565828
15.125398
01.470098
01.457608
11.153211
09.747249
02.100145
01.549829
15.264305
08.896130
