00.160150
00.144660
00.116588
00.148494
00.155984
00.140854
00.123734
00.143603
00.113845
00.124186
00.110757
00.136108
00.095829
00.089923
00.150234
00.184409
00.258517
00.157655
00.156279
00.149515
00.126382
00.153716
00.136633
00.130393
00.209443
00.144431
00.121987
00.159330
00.150441
00.128270
00.195059
00.169603
00.174015
00.185794
00.166769
00.149734
00.116149
00.150272
00.129188
00.150350
00.191198
00.196343
00.121405
00.170788
00.148866
00.194402
00.131585
00.192935
00.159528
00.190080
00.116150
00.148837
00.144046
00.171484
00.185180
00.210493
00.131437
00.137105
00.176742
00.156664
00.168716
00.170714
00.160818
00.203331
00.193499
00.152292
00.188690
00.167605
00.158447
00.160257
00.132366
00.149275
00.129199
00.157119
00.203222
00.187403
00.127686
00.166972
00.164728
00.125500
00.212329
00.165464
00.183681
00.201508
00.140616
00.107268
00.179285
00.153759
00.172906
00.144429
00.168520
00.153840
00.140007
00.181672
00.168621
00.143846
00.158549
00.179791
00.152902
00.140525
