00.352902
00.293426
00.556361
00.228741
00.559657
00.899170
00.360024
00.284017
00.524273
00.333799
00.487637
00.339077
01.197898
00.325146
00.402876
01.305781
00.433188
00.423439
00.426850
01.110125
00.515159
00.589493
00.450626
01.186088
00.465507
00.579202
00.362051
00.486652
00.446520
00.444209
00.574687
00.990175
00.463323
01.353419
00.417600
00.448017
01.496156
00.412439
00.417601
00.347043
00.384298
01.340439
00.484801
00.414645
00.403983
01.348653
00.365490
00.399172
00.395756
00.396712
00.322222
00.430290
00.338104
00.410861
01.381666
00.460101
00.507046
00.469017
00.356799
00.571076
00.380545
00.377054
00.543671
00.394632
00.400166
01.286466
00.444233
00.435998
00.357390
00.359024
00.418395
00.426501
00.910779
00.418678
00.436745
00.526090
00.400947
00.393649
01.320139
00.401323
00.399634
00.412862
00.488183
00.406970
00.400972
00.655654
00.520161
01.314303
00.309122
00.575202
00.587414
00.471651
00.429127
01.364238
01.220924
00.531947
00.519551
00.901239
00.491674
00.616224
