01.595061
02.322661
01.603299
04.314704
01.808982
02.173112
02.100700
01.955605
02.282854
01.914121
02.092935
01.792133
02.100796
01.835229
02.089994
02.046502
02.819506
01.862992
02.191469
02.016561
02.736073
02.497301
24.941361
07.349476
03.161468
02.091364
02.690672
07.613410
02.779738
03.036513
10.167524
02.834647
03.993640
15.679687
21.442448
23.227909
02.516111
20.882072
02.700329
02.208114
02.822838
01.843492
13.172299
02.640470
02.673460
02.244573
27.114938
02.943396
05.171722
02.731836
08.744713
02.435783
02.423471
03.055559
02.225411
02.752830
02.380733
02.393536
02.464110
02.660657
02.550915
02.587519
02.271068
02.170951
02.772754
02.855120
06.165483
02.585988
02.590693
02.439048
23.898284
02.790029
22.862909
01.999578
31.009942
03.280941
31.116949
02.360344
03.227655
03.501508
31.032951
04.326756
03.102835
03.378795
02.374638
02.905631
03.170282
03.013474
03.774529
03.201411
02.411705
02.483776
31.093870
02.487982
02.228169
02.073025
10.390953
02.864307
02.755882
02.063395
