00.149377
00.133111
00.165610
00.239070
00.153648
00.252917
00.126458
00.146752
00.129289
00.219999
00.199451
00.113228
00.219742
00.152276
00.133576
00.182889
00.127395
00.193007
00.186552
00.201304
00.153154
00.154074
00.126616
00.169811
00.162024
00.126856
00.346253
00.202805
00.225414
00.200977
00.179454
00.224638
00.207081
00.177647
00.220034
00.178119
00.231934
00.228575
00.369661
00.157729
00.179412
00.170496
00.232894
00.352656
00.220135
00.144264
00.162266
00.119572
00.172292
00.208755
00.343020
00.140712
00.221586
00.152447
00.169425
00.223384
00.229341
00.265501
00.184448
00.274722
00.178085
00.144270
00.210153
00.180275
00.225032
00.194566
00.178420
00.172593
00.170173
00.166369
00.168557
00.215348
00.191247
00.186093
00.244828
00.124346
00.217103
00.196171
00.180291
00.236256
00.220899
00.237006
00.218042
00.214730
00.178689
00.156967
00.200873
00.194485
00.272700
00.141715
00.323502
00.292230
00.122736
00.186358
00.154250
00.154080
00.139928
00.195230
00.129006
00.196857
