00.150591
00.176332
00.172000
00.140776
00.145098
00.208488
00.153098
00.127073
00.160918
00.180512
00.167268
00.181349
00.256270
00.155732
00.217324
00.199042
00.138855
00.137088
00.160734
00.186426
00.249529
00.139700
00.174630
00.206733
00.180681
00.202697
00.171417
00.197449
00.182974
00.296940
00.209396
00.161929
00.120344
00.182066
00.152300
00.186680
00.191074
00.177596
00.219600
00.229677
00.175703
00.270032
00.156272
00.206147
00.237341
00.279256
00.293182
00.139494
00.231070
00.195881
00.213749
00.181554
00.181761
00.170964
00.190894
00.353571
00.199136
00.199976
00.299727
00.036092
00.038057
00.036225
00.040484
00.038208
00.039381
00.035349
00.036621
00.036482
00.038117
00.035499
00.038425
00.037905
00.037085
00.045583
00.038531
00.039873
00.060941
00.039158
00.039045
00.041841
00.039399
00.037138
00.037323
00.039379
00.034007
00.037782
00.037040
00.035925
00.036228
00.040235
00.034860
00.042709
00.041009
00.034262
00.039032
00.038774
00.037650
00.040334
00.037100
00.038870
