00.179540
00.103783
00.101264
00.079632
00.139668
00.134097
00.144876
00.120277
00.090897
00.166045
00.120326
00.162305
00.091483
00.117155
00.124737
00.151469
00.156825
00.164112
00.140493
00.159443
00.157523
00.123320
00.113614
00.114496
00.147916
00.140088
00.160618
00.120947
00.141720
00.120513
00.140712
00.126022
00.140283
00.282512
00.160136
00.147280
00.143812
00.140904
00.176061
00.130949
00.147475
00.140037
00.110262
00.159158
00.154721
00.186691
00.131194
00.130872
00.168554
00.173132
00.127336
00.154331
00.163501
00.183895
00.155462
00.104601
00.219063
00.163533
00.160839
00.150037
00.041846
00.034640
00.035046
00.035424
00.034196
00.040519
00.032584
00.041168
00.033479
00.041284
00.033516
00.040196
00.042992
00.035034
00.036295
00.034245
00.039730
00.035515
00.035669
00.039406
00.039140
00.044790
00.041461
00.038242
00.035676
00.034679
00.036590
00.034729
00.033149
00.035903
00.036998
00.039234
00.037063
00.036397
00.032119
00.031243
00.033532
00.034247
00.042539
00.034951
