00.904360
01.057219
00.877045
01.013184
00.911872
00.927874
01.197332
00.807400
00.995395
00.885001
01.065251
01.094369
01.350416
01.125871
00.987110
01.240279
01.013500
01.295170
01.157122
01.204576
01.043739
01.028792
01.016227
01.024817
00.991642
01.003095
01.043205
00.897221
01.008430
01.154489
01.091607
01.318033
01.223307
01.173472
01.311047
01.269225
01.512241
01.176203
01.274652
00.605836
00.490082
00.586166
00.581991
00.489711
00.600089
00.482405
00.581562
00.499331
00.589489
00.579318
00.602213
00.477915
00.588797
00.591697
00.687533
00.498723
00.678202
00.599692
00.578792
00.504598
00.598069
00.596386
00.586921
00.588441
00.586568
00.487996
00.596730
00.489810
00.404210
00.578113
00.594388
00.487617
00.495665
00.582482
00.595646
00.479563
00.492489
00.489673
00.597665
00.593288
00.592612
00.595528
00.687194
00.581639
00.497144
00.597183
00.681861
00.485197
00.498274
00.483693
00.497776
00.584199
00.588661
00.495492
00.487396
00.486267
00.588542
00.581495
00.500085
00.681742
