00.100050
00.154683
00.135777
00.147035
00.104635
00.176081
00.130297
00.118606
00.149534
00.077560
00.115532
00.116011
00.093051
00.148033
00.122265
00.107443
00.116304
00.137826
00.205656
00.107594
00.236242
00.277369
00.117556
00.117155
00.161152
00.147582
00.092002
00.165534
00.121944
00.112421
00.103984
00.150221
00.139065
00.157722
00.129328
00.103886
00.125811
00.184743
00.144260
00.173600
00.132949
00.205826
00.179906
00.124152
00.118859
00.159121
00.095298
00.170508
00.121109
00.137730
00.130043
00.252707
00.143418
00.150648
00.186153
00.199011
00.097019
00.136958
00.154273
00.178606
00.218285
00.034453
00.033798
00.034712
00.031320
00.042000
00.037864
00.039082
00.032591
00.036145
00.039635
00.035342
00.038342
00.035355
00.040877
00.037794
00.033929
00.032981
00.034599
00.034636
00.037296
00.033068
00.042053
00.038764
00.034693
00.033513
00.043256
00.038206
00.036867
00.042906
00.037481
00.037952
00.038505
00.038252
00.032912
00.032058
00.033990
00.035787
00.038947
00.041412
