00.417173
00.318769
00.421416
00.318706
00.375270
00.282790
00.312519
00.335664
00.304579
00.303059
00.394912
00.427686
00.388822
00.270339
00.344289
00.364720
00.308966
00.418959
00.316918
00.364710
00.878061
00.343776
00.623367
00.381261
00.476289
00.551723
00.472240
00.370783
00.377043
00.379668
00.311675
00.384219
00.327695
00.436116
00.458130
00.632479
00.480189
00.469125
00.382970
00.538316
00.427377
00.431768
00.384482
00.376187
00.518401
00.426872
00.356342
00.390494
00.519314
00.413059
00.469860
00.354204
00.578166
00.055962
00.040098
00.041221
00.061123
00.096851
00.040385
00.095490
00.036730
00.047533
00.086037
00.088760
00.089368
00.083034
00.098864
00.038820
00.044214
00.043849
00.042010
00.043362
00.089321
00.094441
00.041462
00.042594
00.039668
00.039511
00.085224
00.089965
00.088463
00.040750
00.046774
00.042078
00.046295
00.076840
00.086272
00.043722
00.041598
00.082484
00.037791
00.044057
00.092434
00.086940
00.039727
00.041994
00.041916
00.043783
00.085694
00.083040
