01.845896
01.556759
01.600350
01.694507
01.529361
01.805635
01.697808
01.503121
01.860214
01.875673
01.740635
01.601910
01.623165
01.963261
01.796871
01.971309
02.012664
01.710118
01.986464
01.772809
01.880121
01.909894
01.716883
02.087595
01.833191
02.062376
01.823662
01.908521
02.131086
02.278837
01.498368
00.976781
01.082728
01.098566
01.087788
00.992027
01.078393
01.193526
01.092830
01.090552
01.178433
01.191351
01.193013
01.092652
01.199533
01.195076
01.080324
01.197992
01.183274
01.088385
01.093171
01.184016
01.193350
01.083821
01.192131
01.084562
01.095031
01.086041
01.194468
01.089261
01.093345
01.198199
00.990283
01.091830
01.084761
01.094417
01.191896
01.182303
01.091325
01.089353
00.991321
01.180157
01.193890
01.093061
01.090601
01.187088
01.285356
00.996159
01.095543
00.994584
01.088478
01.085868
01.101509
01.078873
01.088436
01.080681
01.193510
01.094374
01.192955
01.184441
01.191541
01.086500
01.093024
01.080514
01.196188
01.186445
01.203719
01.084554
01.299579
01.093340
