00.243732
00.094319
00.136532
00.085312
00.149598
00.135202
00.116369
00.118202
00.174108
00.084419
00.165419
00.179928
00.125671
00.166888
00.080833
00.109659
00.093336
00.136307
00.099928
00.177044
00.125819
00.202879
00.065832
00.216192
00.247082
00.110883
00.103857
00.137445
00.105979
00.129972
00.157850
00.163528
00.142051
00.144783
00.133374
00.195349
00.101480
00.111373
00.183901
00.163868
00.310454
00.128975
00.136060
00.103935
00.122544
00.142704
00.134265
00.167102
00.138651
00.116725
00.142099
00.080373
00.102099
00.178817
00.142918
00.121222
00.122977
00.174637
00.232397
00.182534
00.294639
00.142004
00.147352
00.212548
00.129762
00.242847
00.129150
00.145567
00.111639
00.172868
00.123145
00.113341
00.140180
00.131376
00.080995
00.089978
00.161682
00.188062
00.162870
00.139260
00.163527
00.179759
00.242339
00.117184
00.146454
00.100250
00.171721
00.115524
00.203206
00.170690
00.139930
00.117695
00.140467
00.126986
00.158834
00.140151
00.140422
00.270001
00.133605
00.232071
