00.133306
00.220600
00.158348
00.078200
00.267452
00.117715
00.142951
00.174261
00.113891
00.129273
00.097988
00.118918
00.151451
00.189044
00.107203
00.149969
00.144256
00.154418
00.107963
00.153082
00.117411
00.147342
00.099646
00.087112
00.110885
00.139550
00.151758
00.097487
00.147470
00.171006
00.154466
00.124244
00.106605
00.286160
00.161955
00.111628
00.111271
00.139081
00.189403
00.110982
00.112184
00.156243
00.189558
00.199386
00.183627
00.157659
00.144229
00.138027
00.129753
00.120576
00.126153
00.183479
00.130153
00.193536
00.086018
00.115571
00.177559
00.118132
00.112238
00.080553
00.102928
00.094071
00.112145
00.110554
00.137080
00.186951
00.138786
00.299012
00.086248
00.135877
00.151148
00.167100
00.150219
00.097704
00.093639
00.130047
00.070623
00.111536
00.202070
00.130449
00.130610
00.304423
00.131460
00.177689
00.139434
00.224419
00.081505
00.115593
00.140524
00.136551
00.114588
00.210463
00.196365
00.143083
00.090170
00.133148
00.107321
00.097765
00.133752
00.192467
