01.245585
00.939323
01.573210
01.311383
01.482811
01.076969
00.983303
01.397895
01.420450
01.265162
01.173403
01.335463
01.130419
01.068388
01.449826
01.314355
01.006752
01.782072
01.488578
01.240414
01.529922
01.137526
01.204713
01.338786
01.672978
01.483367
01.282346
01.214986
01.486784
01.014515
01.043104
01.372071
01.180417
01.521007
01.544610
01.587308
01.203975
01.185303
01.286727
01.143656
01.230918
01.349367
01.156735
01.176587
01.122239
01.226180
01.531962
01.114105
01.149796
01.238314
01.129258
01.339929
01.331285
01.203331
01.461134
01.517114
01.266724
01.509986
01.480280
01.213854
01.167956
01.436096
01.230962
01.176957
01.143501
01.315896
01.696526
01.530845
01.192024
01.005920
01.566548
01.116976
01.604840
01.055190
01.653667
01.219646
01.029111
01.680043
01.216895
01.724263
01.840250
01.415632
01.166639
01.306350
01.284652
01.253457
00.959879
01.480710
01.623164
01.286500
01.560765
01.632063
01.322612
01.319206
01.420137
01.020749
01.406559
01.622954
01.989440
01.432884
