00.106992
00.154489
00.303999
00.139539
00.257698
00.070690
00.097803
00.149250
00.101667
00.173876
00.105074
00.169548
00.132331
00.108548
00.091073
00.217649
00.128177
00.106165
00.181661
00.091843
00.077036
00.151108
00.167207
00.187383
00.074436
00.143552
00.121104
00.167341
00.072261
00.067791
00.356939
00.182608
00.116772
00.097448
00.093756
00.210375
00.137160
00.119768
00.154390
00.162474
00.186635
00.106261
00.115967
00.120349
00.147416
00.130830
00.130092
00.263497
00.116887
00.130914
00.128274
00.117404
00.126122
00.144072
00.130286
00.144582
00.068806
00.083361
00.109151
00.143702
00.103311
00.079967
00.133344
00.180390
00.150326
00.112750
00.080333
00.146929
00.149928
00.167023
00.141476
00.137422
00.179641
00.103644
00.150367
00.108215
00.117092
00.116177
00.157784
00.118316
00.107220
00.183778
00.097080
00.161122
00.140063
00.156926
00.114940
00.148426
00.190456
00.132925
00.110440
00.092452
00.144457
00.120209
00.162572
00.141036
00.117692
00.109254
00.084187
00.123923
