00.171323
00.242102
00.222842
00.317621
00.269804
00.285642
00.250298
00.137182
00.194678
00.401141
00.197840
00.179775
00.259685
00.198351
00.200941
00.225268
00.264927
00.169634
00.149893
00.129904
00.353112
00.221368
00.377727
00.282372
00.210387
00.487824
00.251195
00.281117
00.206742
00.218218
00.244080
00.141100
00.256993
00.191386
00.320895
00.207471
00.308805
00.259356
00.434122
00.186837
00.130376
00.289235
00.266993
00.332724
00.279913
00.188790
00.396899
00.202919
00.175242
00.540848
00.380400
00.163444
00.428150
00.342183
00.251706
00.228731
00.353477
00.324766
00.277026
00.206316
00.209771
00.124914
00.253984
00.196977
00.187135
00.313419
00.393117
00.131876
00.151981
00.207701
00.201053
00.236364
00.287712
00.317307
00.223654
00.185812
00.264658
00.273040
00.234335
00.276743
00.201822
00.177508
00.121343
00.203478
00.176549
00.276846
00.180219
00.136072
00.185176
00.234434
00.243243
00.316415
00.226854
00.441087
00.193502
00.217017
00.223462
00.396864
00.213247
00.445654
