01.840414
02.204764
02.379833
01.724602
02.339921
01.994967
02.386893
02.369919
02.264337
03.128583
02.324111
02.414911
02.100017
02.341701
02.105729
02.106614
02.919738
02.736347
02.869512
01.901786
02.734103
02.064178
02.543326
02.178158
02.452164
02.287042
02.875842
02.540202
02.367964
03.038586
02.593199
02.956440
02.407568
02.356466
02.793773
02.726480
02.309034
02.499579
02.572914
02.724666
02.180149
02.419629
02.266907
02.416937
02.127679
02.076805
02.373422
02.211705
02.464734
02.217246
02.582300
02.912816
02.417690
02.314552
02.279883
02.704411
02.355405
02.480190
02.572623
02.621095
02.140047
02.080276
02.016921
02.489010
02.776317
02.108811
02.726450
02.626808
02.292843
02.411545
02.566608
02.481312
03.133500
02.158088
02.692964
02.173356
02.428793
02.747348
02.600704
01.997017
02.888531
02.435850
02.600018
02.711788
02.398356
02.719382
02.427406
02.997668
02.615131
03.101018
02.863330
02.898021
02.722791
02.202661
02.127308
02.424165
02.297532
02.234024
02.300406
02.426758
