00.036317
00.037203
00.035898
00.040875
00.040246
00.039500
00.040843
00.036882
00.038725
00.040513
00.041250
00.038540
00.038608
00.035732
00.041469
00.038301
00.040491
00.041671
00.034773
00.037293
00.036437
00.042327
00.034980
00.039160
00.040760
00.035525
00.036794
00.040049
00.041342
00.043761
00.040110
00.035180
00.034704
00.038336
00.039911
00.043019
00.040190
00.037343
00.040221
00.036928
00.035634
00.039770
00.040998
00.032614
00.031433
00.033055
00.040088
00.040037
00.038741
00.033679
00.035554
00.042656
00.040041
00.038768
00.036680
00.035667
00.039201
00.039844
00.041014
00.039931
00.035346
00.037569
00.042607
00.037339
00.043135
00.036881
00.032847
00.039488
00.037044
00.038004
00.039387
00.037559
00.037157
00.029071
00.035190
00.042339
00.041340
00.036576
00.039353
00.035630
00.033465
00.044308
00.042698
00.041286
00.032267
00.032913
00.041824
00.034014
00.036974
00.040560
00.044366
00.028839
00.035200
00.040532
00.042884
00.034001
00.035255
00.039042
00.036655
00.034410
