00.038739
00.037523
00.037510
00.033066
00.038125
00.035152
00.039168
00.036035
00.040436
00.040182
00.042967
00.036165
00.033472
00.033716
00.035509
00.036987
00.037387
00.034493
00.034868
00.033369
00.034939
00.038015
00.034660
00.033275
00.041526
00.042179
00.042865
00.036896
00.038032
00.038326
00.039329
00.034397
00.040301
00.034628
00.032275
00.034436
00.036557
00.039267
00.035749
00.037068
00.032174
00.037927
00.034857
00.039462
00.037756
00.044987
00.034205
00.037613
00.036647
00.034915
00.032729
00.038854
00.033044
00.034223
00.037898
00.036794
00.034209
00.037107
00.036657
00.037611
00.037203
00.038185
00.035478
00.037682
00.039482
00.036677
00.036989
00.035633
00.035768
00.041419
00.035524
00.039381
00.039978
00.041028
00.038048
00.038979
00.037312
00.036728
00.040997
00.039232
00.037804
00.038017
00.036784
00.034731
00.037498
00.035841
00.036125
00.037223
00.037675
00.035661
00.036733
00.035452
00.042996
00.036900
00.041126
00.036079
00.037086
00.038056
00.036664
00.034040
