00.495225
00.498428
00.577226
00.401611
00.677094
00.499365
00.491278
00.485938
00.499293
00.597708
00.591867
00.392541
00.491126
00.597398
00.395279
00.391843
00.489519
00.582386
00.401557
00.477453
00.493558
00.599718
00.384794
00.500948
00.387699
00.394427
00.579438
00.590164
00.497990
00.292640
00.381728
00.485785
00.501987
00.597710
00.401107
00.397042
00.498162
00.386740
00.390754
00.491837
00.587437
00.392295
00.498900
00.395878
00.475236
00.399210
00.478751
00.397920
00.490133
00.490660
00.494066
00.582903
00.295854
00.290616
00.494592
00.488757
00.294866
00.605883
00.488120
00.489754
00.386971
00.391764
00.581869
00.496888
00.393524
00.481825
00.298310
00.485012
00.485110
00.496006
00.395513
00.581956
00.497498
00.488783
00.581820
00.505626
00.581725
00.492101
00.495682
00.503073
00.479753
00.503188
00.391627
00.483033
00.495089
00.577118
00.502105
00.579099
00.588382
00.505116
00.486952
00.490808
00.586621
00.488023
00.584117
00.494179
00.584546
00.492808
00.491853
00.483284
