00.040498
00.042147
00.035075
00.051462
00.033607
00.042027
00.041329
00.034982
00.035573
00.036456
00.035639
00.038791
00.038773
00.041209
00.035063
00.038963
00.040800
00.037809
00.034781
00.034198
00.033985
00.037178
00.035358
00.036288
00.038572
00.038781
00.036214
00.039414
00.035218
00.038096
00.040964
00.040740
00.039351
00.039378
00.035646
00.035320
00.035762
00.041241
00.039849
00.037838
00.034286
00.034115
00.034805
00.032820
00.032272
00.038849
00.034096
00.036353
00.043534
00.043267
00.031857
00.040220
00.037235
00.034528
00.032574
00.040075
00.035562
00.034706
00.039616
00.033513
00.042476
00.040069
00.041896
00.036687
00.035919
00.032693
00.037167
00.038212
00.032998
00.035341
00.036714
00.034563
00.037925
00.038884
00.031766
00.039386
00.033600
00.033570
00.031581
00.039388
00.036091
00.039240
00.036068
00.038559
00.037750
00.037703
00.033842
00.032452
00.038069
00.033890
00.035793
00.036538
00.037894
00.034616
00.038535
00.036098
00.039022
00.034129
00.038555
00.040923
