00.039475
00.089540
00.043053
00.036029
00.038275
00.098158
00.094329
00.090348
00.088463
00.042902
00.046732
00.045032
00.093607
00.055490
00.041925
00.039669
00.098433
00.043622
00.038424
00.083316
00.045600
00.053951
00.042007
00.053505
00.043236
00.043939
00.054032
00.048851
00.092936
00.044487
00.046332
00.038990
00.049688
00.076894
00.038767
00.052948
00.044676
00.039142
00.082612
00.086485
00.039982
00.041043
00.044406
00.042214
00.045339
00.052235
00.067908
00.043692
00.099669
00.045674
00.043128
00.039594
00.048045
00.044132
00.048578
00.045468
00.044494
00.039417
00.045691
00.095608
00.042166
00.041616
00.086105
00.086833
00.095556
00.089069
00.045192
00.047907
00.045380
00.046142
00.046269
00.083223
00.036272
00.042668
00.035667
00.048984
00.088966
00.040448
00.039746
00.044465
00.045866
00.046241
00.046739
00.070093
00.037759
00.047018
00.046801
00.032177
00.047280
00.042156
00.040275
00.045895
00.039380
00.043078
00.094715
00.085973
00.090261
00.049418
00.093707
00.037716
