01.082657
01.099819
01.088726
01.193956
01.196567
01.088976
01.093572
01.088048
01.201490
01.086984
01.090608
00.991700
01.075433
01.095297
01.082040
01.100894
01.085028
01.093584
00.887642
01.089082
01.083067
01.085598
00.997298
01.081077
00.997941
01.177226
01.091944
01.097683
01.185213
01.087988
01.092330
01.080921
01.092421
01.095083
01.088737
01.089015
00.999506
01.090241
01.091006
00.992953
01.103291
01.084012
01.096500
01.099902
01.090913
01.086405
01.085920
01.094348
00.977499
01.098912
01.178489
01.195351
01.092643
01.095781
01.083664
01.096539
01.088890
00.986759
00.987419
01.093411
00.994419
01.088313
01.078112
00.997424
01.092672
01.194007
01.191502
00.994778
00.993559
01.178382
01.092160
00.986987
00.993872
01.190241
01.191122
01.189944
01.189406
01.096004
01.197749
01.096269
01.199764
01.088740
01.178867
01.088836
01.202941
01.093223
01.100026
01.091419
01.086980
01.188035
00.990433
01.085714
00.985677
01.098553
00.890281
01.199991
01.090418
01.183031
01.184982
01.198026
