00.073296
00.067289
00.072777
00.067144
00.065475
00.077276
00.075315
00.072627
00.076866
00.078246
00.069193
00.075164
00.075446
00.069968
00.066572
00.064846
00.065787
00.065001
00.078557
00.073918
00.071406
00.073455
00.079646
00.078833
00.069394
00.067803
00.066522
00.068981
00.076167
00.067980
00.075363
00.080581
00.066082
00.072523
00.075535
00.072079
00.067641
00.068407
00.075282
00.066575
00.071342
00.079513
00.069698
00.073674
00.067415
00.076209
00.077589
00.073646
00.077725
00.073197
00.068747
00.069739
00.076029
00.074882
00.067193
00.077397
00.070929
00.073096
00.073245
00.079619
00.076742
00.066811
00.065539
00.067976
00.067543
00.077363
00.078154
00.071814
00.077567
00.068183
00.074803
00.082715
00.079689
00.079629
00.071793
00.070042
00.082361
00.071092
00.072727
00.076638
00.069036
00.066762
00.066457
00.078800
00.074443
00.073607
00.075672
00.080267
00.071287
00.070548
00.077125
00.073681
00.062592
00.070930
00.075684
00.066083
00.071425
00.068379
00.074573
00.077852
