00.047804
00.050568
00.048996
00.053336
00.053123
00.053635
00.048788
00.053522
00.052292
00.045467
00.049674
00.049953
00.048339
00.048754
00.046399
00.048696
00.044651
00.051385
00.052358
00.049576
00.048692
00.048026
00.050703
00.048358
00.051354
00.045567
00.047927
00.051220
00.049524
00.048435
00.048804
00.050871
00.049011
00.047185
00.045773
00.049207
00.050257
00.047993
00.045985
00.049198
00.047934
00.049867
00.052372
00.050413
00.048730
00.046991
00.048457
00.051537
00.046816
00.052408
00.046589
00.046848
00.052358
00.047959
00.044934
00.048043
00.049123
00.049569
00.050675
00.047805
00.051451
00.047973
00.048711
00.051983
00.049930
00.054256
00.048102
00.046652
00.048418
00.049651
00.049977
00.049791
00.054416
00.044252
00.051310
00.051456
00.046432
00.048379
00.051311
00.047627
00.051521
00.048016
00.048789
00.052663
00.050904
00.046738
00.052398
00.051213
00.046359
00.048719
00.053514
00.049359
00.050013
00.046980
00.051138
00.046040
00.047204
00.050156
00.046765
00.048463
