00.616104
00.494072
00.502506
00.581676
00.578688
00.596817
00.685957
00.589483
00.586027
00.683747
00.683078
00.594257
00.573758
00.505519
00.587600
00.601196
00.586168
00.582063
00.591166
00.585879
00.588164
00.587145
00.683243
00.588463
00.577585
00.587632
00.500249
00.588022
00.592461
00.678672
00.593663
00.588533
00.583927
00.490788
00.586840
00.581994
00.585796
00.579527
00.598843
00.583448
00.591869
00.584976
00.590619
00.601277
00.686003
00.592521
00.582263
00.497945
00.583753
00.581118
00.583628
00.582141
00.602707
00.592920
00.586782
00.591434
00.684236
00.594014
00.584479
00.686433
00.586697
00.687907
00.581622
00.581253
00.601266
00.681662
00.677935
00.589124
00.580681
00.589554
00.588250
00.692429
00.577361
00.494342
00.591944
00.588411
00.684780
00.594251
00.588520
00.677086
00.498416
00.588508
00.598047
00.584015
00.582069
00.584158
00.583197
00.599489
00.583075
00.678821
00.584348
00.591837
00.681355
00.596364
00.591234
00.672374
00.592871
00.592941
00.492062
00.585890
