00.048539
00.049721
00.063218
00.050724
00.048779
00.049708
00.048962
00.045925
00.052817
00.048287
00.050729
00.051055
00.044986
00.046302
00.053604
00.048946
00.047636
00.052162
00.047470
00.052530
00.047121
00.053371
00.045512
00.048405
00.049677
00.055583
00.047337
00.048959
00.045712
00.049984
00.046400
00.050997
00.053232
00.048200
00.042833
00.050368
00.043020
00.043888
00.051210
00.042289
00.052141
00.048459
00.044702
00.044203
00.045531
00.045747
00.051781
00.043263
00.049832
00.047299
00.044828
00.050633
00.051173
00.047259
00.048314
00.044505
00.052672
00.048254
00.050218
00.049664
00.053652
00.047691
00.043356
00.046625
00.048822
00.048148
00.046573
00.048027
00.054895
00.047981
00.047687
00.051558
00.052518
00.048739
00.043818
00.049422
00.047379
00.051473
00.045054
00.046292
00.045671
00.048604
00.050477
00.047886
00.052166
00.050507
00.049100
00.053592
00.050304
00.049369
00.047123
00.048544
00.046615
00.044719
00.052247
00.051911
00.052703
00.046296
00.048593
00.053564
