00.102416
00.095990
00.092754
00.093302
00.095995
00.096204
00.096606
00.099122
00.101399
00.100060
00.094469
00.102700
00.092184
00.109720
00.097414
00.107754
00.101822
00.100516
00.099676
00.095480
00.095969
00.101735
00.110091
00.093917
00.097032
00.098005
00.090564
00.095564
00.095771
00.100966
00.101022
00.098664
00.097570
00.098694
00.106902
00.094191
00.095114
00.095827
00.101563
00.098323
00.099146
00.104382
00.094759
00.107577
00.091586
00.095612
00.093117
00.097429
00.097121
00.098503
00.094636
00.101904
00.094480
00.096052
00.091376
00.099848
00.108056
00.093362
00.090901
00.092994
00.094669
00.104549
00.092886
00.101517
00.097689
00.088340
00.089753
00.102154
00.101971
00.096096
00.092064
00.093938
00.092945
00.097997
00.097216
00.108890
00.094595
00.094231
00.091685
00.094505
00.096965
00.097465
00.099244
00.100787
00.104117
00.099684
00.102124
00.112448
00.095830
00.099903
00.093862
00.094182
00.093090
00.095725
00.091628
00.095295
00.095361
00.111355
00.101254
00.097044
