01.302027
01.193567
01.090307
01.185367
01.181466
01.277664
01.376081
01.099137
01.087214
01.178928
01.089295
01.173479
01.198152
01.196889
01.290112
01.183025
01.188692
01.084539
01.172665
01.188564
01.088007
01.184814
01.179360
01.178782
01.193665
01.189766
01.081741
01.178473
01.190412
01.281875
01.192395
01.193750
01.277973
01.178762
01.287219
01.189579
01.185106
01.283955
01.284776
01.192486
01.289606
01.082041
01.198836
01.099750
01.194220
01.177286
01.191454
01.185959
01.081971
01.184331
01.188827
01.270535
01.095600
01.273235
01.093338
01.090128
01.174776
01.278307
01.199793
01.180989
01.091117
01.184046
01.090852
01.273665
01.100293
01.192888
01.192806
01.269173
01.178376
01.188248
01.090627
01.181851
01.288244
01.273817
01.094818
01.279810
01.189077
01.175317
01.188434
01.273468
01.094353
01.177381
01.283060
01.278409
01.094240
01.274975
01.286595
01.283970
01.280807
01.285436
01.193386
01.174101
01.278992
01.097066
01.278978
01.382759
01.376648
01.186981
01.186649
01.282746
