00.170574
00.180282
00.225327
00.295580
00.131265
00.198050
00.181859
00.146212
00.194358
00.194604
00.231061
00.164154
00.218159
00.192477
00.203338
00.136248
00.230881
00.236909
00.176354
00.191162
00.207277
00.181748
00.166236
00.189764
00.206350
00.236019
00.213609
00.132358
00.207311
00.190315
00.206967
00.215376
00.226079
00.225863
00.189193
00.231960
00.267976
00.201876
00.232439
00.237926
00.197300
00.164617
00.214192
00.214587
00.281945
00.309556
00.173780
00.248107
00.184233
00.200056
00.245243
00.172856
00.213823
00.262511
00.183391
00.192897
00.194467
00.204515
00.220827
00.222021
00.181461
00.224603
00.198086
00.162975
00.181904
00.187121
00.209914
00.187716
00.218444
00.204562
00.278979
00.190301
00.212763
00.256053
00.183852
00.181117
00.197293
00.240451
00.267266
00.193332
00.189886
00.182908
00.173277
00.168707
00.258101
00.193464
00.213368
00.231764
00.195242
00.138626
00.152094
00.216476
00.213773
00.299640
00.219683
00.236722
00.245432
00.140826
00.161613
00.186790
