00.159097
00.132602
00.148232
00.120592
00.147461
00.194218
00.133035
00.145349
00.174198
00.175655
00.184203
00.160680
00.178939
00.190958
00.145946
00.159972
00.148671
00.141832
00.148559
00.080967
00.148952
00.137895
00.157361
00.243930
00.191072
00.196754
00.137578
00.189018
00.131027
00.154882
00.189714
00.145119
00.143842
00.180787
00.150406
00.175057
00.124376
00.183451
00.177262
00.175735
00.162769
00.140124
00.257054
00.181198
00.143032
00.123655
00.158049
00.170984
00.137162
00.146352
00.204726
00.115143
00.170865
00.114317
00.150287
00.159699
00.171441
00.178479
00.206941
00.148854
00.197463
00.211508
00.160725
00.192527
00.154152
00.158868
00.197788
00.145184
00.147643
00.147624
00.133933
00.181964
00.187611
00.146300
00.179406
00.147784
00.250503
00.181686
00.183907
00.156682
00.186717
00.158224
00.232614
00.218455
00.172099
00.152950
00.196992
00.225597
00.212381
00.116461
00.114361
00.163193
00.163543
00.172378
00.135882
00.106052
00.143257
00.122036
00.207536
00.146559
