00.959952
01.048420
01.083364
00.957398
01.126619
01.109601
01.130259
01.052567
01.083176
01.153681
01.228533
01.330224
01.280446
01.163551
01.184479
00.963845
00.979621
01.193580
01.145756
01.200104
01.277140
01.517739
01.164902
01.285106
01.130145
01.212509
00.920508
01.298354
01.082803
01.046985
01.082985
01.383763
01.142952
01.316560
01.056272
01.173834
01.167024
01.266664
01.116516
01.077241
01.189889
01.178074
01.388185
01.174771
01.210827
01.358398
01.209512
01.149957
01.273005
01.169865
01.301794
01.268946
01.363890
01.323526
01.260381
01.178171
01.259838
01.336863
01.194081
01.223346
01.293438
01.099347
01.107007
01.163201
01.244725
01.371758
01.277886
01.396362
01.224862
01.377081
01.080932
01.191102
01.371683
01.096886
01.211424
01.022343
01.300071
01.161293
01.419130
01.190535
01.211832
01.255727
01.307616
03.458154
01.328010
01.104486
01.256899
01.062121
01.176436
01.496925
01.402818
01.366234
01.274331
01.233553
01.190438
01.359742
01.336998
03.457696
01.396791
01.270894
