00.170658
00.147510
00.156158
00.114867
00.195403
00.175995
00.124912
00.196605
00.180059
00.250068
00.153331
00.160646
00.154933
00.122678
00.197568
00.193450
00.168331
00.150396
00.176598
00.175212
00.169800
00.150563
00.181213
00.132858
00.144229
00.145823
00.167954
00.148476
00.200902
00.199609
00.167572
00.173676
00.199123
00.151588
00.186660
00.121942
00.220667
00.140655
00.146721
00.195091
00.137302
00.198871
00.167224
00.154902
00.189742
00.176984
00.170457
00.139749
00.158807
00.128129
00.160008
00.168494
00.296232
00.157925
00.195256
00.167504
00.231017
00.241492
00.198533
00.157626
00.127675
00.153024
00.161507
00.167017
00.142486
00.124764
00.136052
00.149967
00.140953
00.127161
00.221070
00.159682
00.203491
00.141112
00.144409
00.119413
00.083598
00.254100
00.127575
00.209021
00.229980
00.216467
00.315282
00.192580
00.164348
00.193759
00.152276
00.143939
00.239060
00.137413
00.155570
00.156220
00.165133
00.275603
00.146379
00.158400
00.136664
00.114995
00.178530
00.167850
