00.361748
00.306931
00.429755
00.474027
00.305148
00.380933
00.319715
00.377849
00.353004
00.433173
00.373080
00.378220
00.424780
00.433882
00.347540
00.416968
00.394242
00.320944
00.350413
00.442969
00.452736
00.360271
00.399863
00.388920
00.750833
00.412984
00.321039
00.386464
00.443057
00.419026
00.486268
00.301700
00.400567
00.382563
00.503364
00.413410
00.418094
00.455621
00.781218
00.445925
00.462553
00.364159
00.596286
00.445884
00.442663
00.422131
00.408319
00.507845
00.411360
00.445266
00.392775
00.406574
00.423420
00.407916
00.429265
00.468300
00.441173
00.619136
00.437042
00.398806
00.479978
00.498403
00.417661
00.399383
00.429637
00.350288
00.408872
00.377900
00.401719
00.318948
00.488555
00.534903
00.384355
00.433909
00.456322
00.356215
00.566014
00.406145
00.456789
00.486405
00.415641
00.431021
00.467351
00.349547
00.630854
00.370758
00.392347
00.470706
00.446126
00.452475
00.519346
00.416371
00.505765
00.454319
00.396331
00.375271
00.429906
00.472421
00.354733
00.571489
