05.983349
02.090190
02.038135
02.076062
02.255238
02.088250
01.934876
02.067840
01.825853
01.718571
02.181386
02.289677
02.151733
02.002884
02.540635
02.073541
01.894882
02.436598
02.272390
02.005729
01.980286
02.327153
02.120191
02.190661
02.132187
02.165802
02.050629
02.427336
02.297712
02.156471
02.580081
02.383093
02.019220
02.467840
01.771146
02.707163
01.997257
02.084362
02.302284
02.320066
02.288510
02.340818
02.291431
02.464727
02.206649
02.542718
02.206602
02.122611
02.645467
02.224017
02.583067
02.156734
02.574513
02.516438
02.519597
02.915008
02.009829
02.170124
02.359040
02.211784
02.556443
02.739050
02.378182
02.575223
02.521429
02.083008
02.358994
02.452109
02.263925
02.597671
02.737122
02.756143
02.500908
02.500158
02.437257
02.395534
02.316752
02.048130
02.932991
02.450529
02.269951
02.283144
02.448864
02.589677
02.334444
02.566854
02.665568
02.480361
02.245962
02.379789
02.605402
03.126707
02.317644
02.436849
02.427774
02.871158
02.801082
02.734170
02.576438
02.400821
