00.160793
00.148094
00.187359
00.185992
00.163825
00.198789
00.257334
00.153798
00.208104
00.177709
00.186007
00.190967
00.176021
00.183125
00.227120
00.169420
00.220459
00.218903
00.228656
00.313256
00.197607
00.223709
00.226104
00.222749
00.266612
00.215156
00.213406
00.158620
00.188594
00.249068
00.328474
00.266898
00.273762
00.228388
00.227298
00.273045
00.236853
00.180259
00.145400
00.206620
00.236631
00.228805
00.194896
00.178801
00.177775
00.180013
00.167864
00.296443
00.202991
00.182352
00.206811
00.211723
00.167136
00.296318
00.211322
00.179817
00.176306
00.183624
00.192652
00.211073
00.190604
00.161082
00.201137
00.217683
00.165719
00.225827
00.264214
00.230802
00.209667
00.215076
00.199052
00.171122
00.166450
00.186119
00.203772
00.210108
00.159464
00.220729
00.307440
00.213416
00.175672
00.241563
00.229528
00.157866
00.212482
00.206347
00.190349
00.227899
00.191877
00.175179
00.204445
00.230039
00.289936
00.207414
00.155797
00.177902
00.190804
00.274418
00.307258
00.248398
