00.108858
00.156739
00.146887
00.159269
00.161083
00.175466
00.169024
00.121125
00.184251
00.295065
00.170277
00.106227
00.190072
00.140782
00.150114
00.121809
00.136563
00.133511
00.092582
00.135366
00.192420
00.115536
00.224913
00.158602
00.158391
00.072891
00.137126
00.152889
00.127123
00.166482
00.200166
00.167842
00.166350
00.201208
00.144978
00.143594
00.181180
00.195061
00.155647
00.171869
00.150004
00.208968
00.205140
00.105570
00.166098
00.166688
00.137349
00.138908
00.174173
00.147367
00.253519
00.143715
00.167292
00.150681
00.184828
00.201907
00.155442
00.181773
00.150571
00.208068
00.171550
00.185155
00.139777
00.232531
00.187654
00.110306
00.124822
00.128663
00.191279
00.191444
00.184264
00.122962
00.136813
00.147294
00.149993
00.152574
00.177292
00.163704
00.141162
00.139616
00.132732
00.154315
00.112867
00.173332
00.187789
00.138790
00.198288
00.156957
00.270845
00.133036
00.195516
00.156799
00.216763
00.192859
00.136888
00.219091
00.136622
00.157247
00.173193
00.171914
