01.010706
01.073326
00.899872
01.063467
01.183773
01.198490
01.100076
01.165217
01.411583
01.330057
01.559913
00.999174
00.956457
01.026598
01.370725
01.080735
01.179891
01.220895
01.470369
01.446083
01.378814
01.396312
01.693348
01.306356
01.208715
01.610888
01.580333
01.175550
01.207030
01.406472
01.341129
01.724050
01.393011
01.217101
01.335408
01.230945
01.296241
01.260013
01.389745
01.416787
01.353684
01.242591
01.312266
01.844520
01.524156
01.139644
01.220079
01.383800
14.180697
01.231264
01.413947
01.441033
01.240239
01.349140
01.364291
01.377069
01.297098
01.765219
01.253437
01.469398
01.908444
01.528672
01.777606
01.433281
01.820429
01.751841
01.330618
01.393193
01.270221
01.357170
01.370219
01.518818
01.373367
01.243644
01.796729
01.127502
01.449569
01.077759
01.661836
01.236530
01.336565
01.400262
01.688848
01.372275
01.369751
01.410099
01.523291
01.276523
01.200488
01.552110
01.178751
01.305018
01.276304
01.196598
01.411082
01.337579
01.467078
01.379640
01.374479
01.280293
