00.153471
00.139628
00.163548
00.164011
00.184879
00.152635
00.120536
00.202457
00.167111
00.146787
00.147638
00.170721
00.143071
00.127802
00.126120
00.147735
00.174114
00.143193
00.190059
00.142245
00.130094
00.207295
00.200294
00.156371
00.196877
00.134080
00.144352
00.128816
00.200469
00.177011
00.147518
00.134694
00.133431
00.181016
00.143498
00.160807
00.144037
00.162234
00.167088
00.155650
00.187393
00.183856
00.153930
00.151844
00.170897
00.170017
00.207109
00.140994
00.142193
00.204242
00.211022
00.218769
00.179985
00.185112
00.201972
00.140805
00.157790
00.174583
00.221522
00.129573
00.169878
00.154423
00.202157
00.171179
00.307448
00.180762
00.180997
00.220502
00.210705
00.146969
00.139193
00.140724
00.194759
00.180124
00.148980
00.173200
00.131003
00.189527
00.231193
00.174761
00.219232
00.198597
00.173777
00.168369
00.122853
00.230240
00.174050
00.164870
00.130997
00.163333
00.150067
00.176998
00.163251
00.107198
00.176190
00.211082
00.142983
00.157479
00.176711
00.157787
