00.313718
00.299495
00.376085
00.406027
00.352738
00.437733
00.429496
00.337205
00.400756
00.449051
00.360656
00.421947
00.380682
00.293904
00.419057
00.550054
00.364441
00.314871
00.422668
00.447672
00.500469
00.485446
00.357751
00.298336
00.453157
00.362693
00.366119
00.477138
00.388034
00.403977
00.433789
00.424883
00.384711
00.407596
00.422443
00.396393
00.418799
00.468156
00.375995
00.476414
00.580773
00.447121
00.405058
00.364549
00.527907
00.506917
00.554456
00.310957
00.389651
00.461991
00.418743
00.648407
00.556302
00.584359
00.496602
00.593176
00.437931
00.447765
00.670157
00.398251
00.471904
00.467710
00.431459
00.410668
00.346660
00.554286
00.425450
00.447079
00.458655
00.521097
00.449621
00.383724
00.386982
00.334742
00.401023
00.690396
00.347298
00.362780
00.573319
00.448071
00.413665
00.514536
00.400603
00.397834
00.419683
00.341621
00.450061
00.359497
00.437988
00.400936
00.377615
00.428426
00.413405
00.672676
00.502905
00.600273
00.409854
00.501423
00.479737
00.471976
