06.113110
01.944581
01.900932
01.760810
01.995563
01.851076
02.265835
02.146259
01.800809
02.153873
02.009407
01.976300
01.982617
01.959726
02.036909
02.086932
02.062479
01.970656
02.173755
02.038133
02.070568
02.369108
01.931238
02.287903
01.918812
01.819998
02.177432
02.120028
01.976544
02.106949
02.003613
02.150914
01.855681
02.167604
02.253430
01.815758
02.141048
01.903517
02.019835
01.784419
02.270139
02.087452
02.175727
01.966179
02.311237
02.507275
02.122893
01.959487
02.076256
02.126973
02.203824
02.099098
02.016108
02.254252
02.015157
02.198306
02.021146
02.260164
01.977045
02.588065
02.214036
02.192729
02.054942
02.278368
02.160445
01.975930
01.967820
02.390082
02.525188
02.542905
02.173617
02.607988
02.230300
02.159508
02.187466
02.082989
01.993612
01.932947
02.093585
01.994191
02.193262
02.141813
02.206205
02.507566
02.721798
02.372617
02.223250
02.283842
02.242319
01.982186
02.100612
02.311431
02.097756
02.233507
02.513286
02.439010
02.311225
02.218224
02.578332
02.193790
