00.879472
00.567742
00.437393
00.423015
00.540311
00.471493
00.558220
00.413068
00.473688
00.556990
00.515409
00.478412
00.558722
00.519980
00.407409
00.438565
00.380242
00.383339
00.381747
00.359487
00.395093
00.391417
00.545829
00.493812
00.423949
00.471104
00.459737
00.594150
00.479075
00.403549
00.461257
00.392481
00.456130
00.486184
00.468544
00.486513
00.492942
00.470735
00.401985
00.613226
00.492751
00.585714
00.421951
00.492876
00.478580
00.512288
00.351316
00.633409
00.446538
00.484312
00.493111
00.557105
00.424545
00.466859
00.598179
00.462598
00.469764
00.453303
00.566676
00.346983
00.427870
00.399535
00.414782
00.367482
00.373425
00.409812
00.421086
01.387271
00.418401
00.566727
00.384377
00.464407
00.461623
00.403065
00.459476
00.469146
00.403315
00.418821
00.573593
00.620538
00.405945
00.708890
00.510063
00.576026
00.503535
00.600579
00.539868
00.499973
00.575870
00.540504
00.540149
00.526306
00.644773
00.647972
00.477639
00.512933
00.530190
00.562917
00.516295
00.650393
