00.495239
00.291075
00.215429
00.228160
00.216678
00.269857
00.221661
00.257644
00.265392
00.194960
00.264958
00.273078
00.318919
00.195537
00.339945
00.170483
00.306777
00.221594
00.233509
00.218340
00.226790
00.236042
00.257859
00.295615
00.270891
00.224312
00.264151
00.216872
00.203455
00.232074
00.227850
00.342497
00.198109
00.271416
00.277743
00.237753
00.283095
00.244788
00.260720
00.255768
00.259530
00.267331
00.224306
00.224009
00.225354
00.269275
00.287806
00.246224
00.237085
01.189689
00.281230
00.231394
00.183477
00.266604
00.275220
00.288169
00.271641
00.214658
00.247634
00.283701
00.244357
00.234181
00.287417
00.342538
00.300030
00.255614
00.262555
00.241411
00.252317
00.319978
00.283820
00.270939
00.353938
00.231887
00.211471
00.278907
00.254758
00.194781
00.250267
00.287146
00.249358
00.297432
00.266814
00.212418
00.211795
00.260473
00.283173
00.289973
00.224917
00.326061
00.254731
00.243635
00.256632
00.266212
00.278167
00.268298
00.303148
00.229134
00.281566
00.258504
