14.915678
01.818427
01.501975
01.780777
01.699595
01.710002
01.721674
01.800266
01.859983
01.633423
01.510506
01.579959
01.734746
01.638099
01.944197
01.724582
01.976407
01.796642
02.631758
01.598043
01.681333
02.110933
01.933431
01.918273
01.841886
02.681707
02.173777
02.742831
03.764747
04.668258
20.725279
23.649621
20.046380
23.862639
24.393526
24.009112
27.656197
24.645850
24.293003
26.009074
25.919759
27.862775
26.909607
23.109969
26.290939
21.076609
28.450178
20.166244
25.208217
25.059815
23.306043
27.361869
24.587677
23.639767
25.990745
26.128281
23.306373
22.038614
25.802869
21.609924
25.617095
22.128572
23.691331
19.310228
00.574492
00.672637
00.679611
00.679785
00.603066
00.690284
00.687173
00.677735
00.694299
00.594161
00.674131
00.596091
00.676800
00.591504
00.691710
00.590944
00.669564
00.595865
00.689972
00.683886
00.586927
00.597509
00.596764
00.593263
00.586964
00.588857
00.590035
00.594352
00.598944
00.673647
00.587092
00.598995
00.583120
00.493567
00.685712
00.688112
