00.267314
00.321457
00.170951
00.184726
00.218153
00.255285
00.274721
00.257462
00.225006
00.231441
00.146242
00.193201
00.168014
00.232809
00.228085
00.246578
00.259722
00.291188
00.280341
00.266532
00.276135
00.205003
00.275561
00.216297
00.247868
00.256074
00.279497
00.200523
00.226757
00.260780
00.261312
00.200052
00.221183
00.279911
00.364086
00.201116
00.246405
00.243321
00.264596
00.234345
00.210788
00.227899
00.281562
00.267672
00.204842
00.294916
00.263833
00.361990
00.199022
00.207734
00.204523
00.255411
00.269544
00.216535
00.265985
00.238688
00.247682
00.188116
00.203212
00.268774
00.214688
00.260077
00.333470
00.261486
00.271866
00.309738
00.279079
00.257358
00.277969
00.234294
00.223507
00.230952
00.211468
00.302491
00.312102
00.270718
00.301687
00.270478
00.259821
00.290492
00.341558
00.166337
00.290895
00.218407
00.291907
00.290860
00.218153
00.330294
00.330498
00.223386
00.263379
00.198124
00.207830
00.252049
00.244460
00.347016
00.251622
00.252496
00.274951
00.253893
