01.410651
00.741874
00.650462
00.699707
00.817136
00.856344
00.889490
00.538586
00.777767
00.727398
00.800510
00.612860
00.776878
00.844992
00.815408
00.730849
00.555922
00.757541
00.736709
00.757733
00.665332
00.742109
00.740648
00.708693
00.811047
00.873576
00.714750
00.579921
00.761101
00.866995
00.720951
00.694949
00.795518
00.765659
00.766019
00.866882
00.765369
00.876102
00.527532
00.630713
00.665438
00.704798
00.727213
00.833500
00.773444
00.744249
00.731288
00.830415
00.664563
00.610589
00.666848
00.799033
00.893849
00.702242
00.913393
00.784252
01.274288
00.900653
01.037755
01.076303
00.960505
01.069673
00.981749
00.966375
02.430057
02.341938
02.260764
02.515145
02.646714
01.719859
02.985435
02.829558
02.945428
03.276684
03.043354
02.514662
02.627161
02.777748
02.702821
03.024251
03.126946
03.138679
03.566039
03.542230
03.606197
01.509184
03.756699
02.706290
02.848230
02.732528
03.009692
03.310712
02.764789
02.833295
03.003189
02.822897
02.257432
02.495898
02.729126
02.937394
