15.756655
02.289226
02.635833
02.945464
02.964364
02.517692
02.753371
02.939126
02.606884
02.586392
02.947014
02.766811
03.079334
03.066095
02.528620
02.631288
02.963224
03.047130
02.984519
02.870140
02.812290
03.057762
02.552897
02.844235
02.867772
02.694582
02.639613
03.237642
02.825256
02.676971
02.775534
02.919925
02.788855
02.813339
02.673855
02.906443
02.722055
02.884070
03.300185
02.874875
02.693989
03.006215
02.873207
02.583254
02.572651
02.868113
02.810198
02.913247
03.006673
03.093028
03.134819
03.124926
02.970399
02.715151
02.706456
02.705559
02.947075
03.139359
02.945342
03.017999
02.490634
03.064985
03.277216
03.402198
02.948055
02.941709
02.893855
02.916969
03.436892
04.279007
02.954476
04.380289
05.424128
16.986271
11.910246
34.765522
04.291909
16.127860
17.038305
20.218243
41.109113
08.483109
47.573485
35.098336
15.494494
49.276740
43.392938
46.810644
07.288468
20.890935
50.410066
36.434384
50.912297
43.917375
01.181589
01.284396
01.183273
01.268906
01.292602
01.181008
