03.355060
00.499906
00.332573
00.420604
00.415341
00.358756
00.417792
00.450496
00.411637
00.344781
00.354176
00.463643
00.395684
00.432376
00.398767
00.395513
00.418587
00.472511
00.495798
00.473904
00.463652
00.549880
00.533761
00.538825
00.624863
00.490277
00.546515
00.516299
00.542852
00.630141
00.570472
00.499992
00.539936
00.613339
00.515666
00.561736
00.567105
00.604876
00.614674
00.613086
00.504107
00.603147
00.575590
00.646818
00.646101
00.620595
00.473154
00.551601
00.597943
00.494719
00.554921
00.576204
00.533370
00.664148
00.611171
00.642327
00.573702
00.704144
00.676577
00.563187
00.653791
00.570194
00.609543
00.583924
00.561869
00.622074
00.423310
00.527876
00.491489
00.584130
00.536925
00.505542
00.565148
00.567271
00.656342
00.529020
00.585553
00.546243
00.528737
00.488660
00.513581
00.519958
00.479087
00.476509
00.490255
00.558888
00.616791
00.580089
00.533174
00.612924
00.549615
00.629811
00.671178
00.582780
00.612801
00.602467
00.620877
00.658729
00.684760
00.580231
