00.687394
00.232925
00.294135
00.193641
00.283522
00.258383
00.251009
00.290768
00.373308
00.254228
00.240997
00.250714
00.269878
00.204091
00.238210
00.301691
00.270024
00.236856
00.275833
00.269284
00.340857
00.230636
00.302558
00.256319
00.279052
00.231061
00.321563
00.309790
00.282650
00.319654
00.289024
00.310166
00.308396
00.268564
00.312199
00.276713
00.329879
00.317862
00.341393
00.338095
00.251499
00.299392
00.323407
00.335246
00.314082
00.227092
00.272127
00.246457
00.324151
00.281272
00.340845
00.226181
00.360411
00.281709
00.205150
00.300916
00.289680
00.248062
00.326823
00.272331
00.289337
00.294370
00.322308
00.306948
00.372914
00.364465
00.274548
00.344462
00.267225
00.233243
00.327221
00.275002
00.228172
00.279583
00.309568
00.282691
00.320530
00.325286
00.334601
00.377777
00.300513
00.257682
00.313661
00.385758
00.214991
00.294524
00.291693
00.301172
00.310893
00.314540
00.253357
00.287262
00.298684
00.393838
00.294572
00.312900
00.271238
00.367677
00.314628
00.343674
