09.606671
01.448890
01.403601
01.516066
01.657225
01.560879
01.797345
01.866320
01.749792
01.610053
01.961311
01.699072
01.490737
01.836763
01.835838
01.536908
01.873140
01.921106
01.693496
01.882805
02.023314
02.041103
01.816616
01.879795
01.853747
01.715349
01.638688
01.656611
01.481493
01.738622
01.925737
02.040769
01.997429
01.978536
01.756639
02.031124
01.914828
01.833335
02.024354
01.661305
01.655512
01.666283
01.682854
01.947027
02.246519
01.756482
02.000072
01.820485
01.939163
01.856737
01.987887
01.840706
02.144521
01.941068
01.840121
02.226917
01.880376
01.754789
01.963355
02.233475
01.386233
01.574378
01.626534
01.725815
01.740241
02.000630
01.913572
01.696526
01.870195
01.910659
01.879502
01.711251
03.570279
19.638023
01.996799
02.535365
02.566187
03.016588
02.568200
02.151301
02.415654
07.959596
16.697461
03.692810
09.779773
01.882669
01.887122
01.475170
01.884337
01.890882
01.973136
01.914873
01.788921
01.870066
01.778923
01.745636
01.842192
01.843158
01.767191
01.720083
