00.720029
00.218915
00.298595
00.319568
00.253517
00.152896
00.188276
00.180687
00.283184
00.224560
00.199566
00.180760
00.220392
00.234681
00.221541
00.232856
00.285766
00.247508
00.264720
00.234118
00.248643
00.224799
00.255029
00.254669
00.340724
00.231800
00.228759
00.258835
00.261032
00.285140
00.270672
00.225074
00.248262
00.201294
00.157868
00.198171
00.209157
00.184619
00.221614
00.262122
00.318739
00.279841
00.301104
00.279257
00.299724
00.272879
00.229849
00.295069
00.248271
00.296091
00.248170
00.289892
00.288289
00.303354
00.249231
00.299824
00.267492
00.308231
00.291721
00.310722
00.252028
00.246570
00.323586
00.229047
00.257961
00.294940
00.350553
00.238097
00.225657
00.235042
00.320212
00.264684
00.269456
00.244660
00.275284
00.245850
00.289928
00.195557
00.297014
00.272150
00.208911
00.321372
00.258102
00.214673
00.285539
00.363521
00.366236
00.218678
00.314088
00.287992
00.300615
00.235810
00.251322
00.253043
00.248319
00.328606
00.363162
00.351757
00.349298
00.256421
