01.939507
04.658478
00.883803
00.758833
00.698019
00.681567
00.709285
00.800671
00.832106
00.852566
00.801834
00.904657
00.835764
00.737582
00.721433
00.688029
00.794616
00.834698
00.805591
00.739971
00.668183
00.746907
00.756833
00.748506
00.720325
00.794796
00.752659
00.658373
00.880715
00.856774
00.795871
00.917164
00.836704
00.951538
01.063722
01.082627
01.029140
01.032684
01.052301
01.096925
00.980769
00.764822
00.839141
00.765697
00.962478
00.757182
00.851228
00.558292
00.630469
00.770307
00.624345
00.692558
00.655167
00.777938
00.851421
00.757708
00.737833
00.733684
00.933757
00.816224
00.682849
00.698879
00.637961
00.674530
00.754185
00.783770
00.759764
00.706437
00.776607
00.837752
00.823973
00.781970
00.893984
00.911805
00.949277
01.095765
00.949919
00.878028
00.861695
01.207420
00.733882
00.680266
00.688763
00.583677
00.840979
00.711164
00.769479
00.745639
00.759441
00.797926
00.880548
00.803118
00.804858
00.759476
00.736440
00.883997
00.650044
00.750325
00.847173
00.831922
