24.054925
52.666440
56.500257
51.203152
50.010205
47.104232
46.796865
40.260541
43.032510
44.960639
56.802527
49.610514
42.429781
43.309321
45.552835
48.709460
48.950471
43.982268
44.633235
46.578670
38.078983
01.188641
01.157188
01.179840
01.182330
01.090831
01.194054
01.090265
01.281273
01.179430
01.187248
01.383236
01.177798
01.200428
01.291774
01.178997
01.183552
01.277749
01.101174
01.099616
01.195559
01.271048
01.183365
01.188080
01.182616
01.186521
01.194063
01.167527
01.096015
01.169706
01.284652
01.189666
01.089302
01.191846
01.183310
01.378427
01.177333
01.098050
01.186055
01.191827
01.075238
01.193270
01.081928
01.181986
01.184992
01.186524
01.186047
01.091363
01.091499
01.184001
01.181987
01.292140
01.189215
01.182846
01.099732
01.191739
01.087969
01.186240
01.191860
01.184937
01.184595
01.188206
01.185938
01.281242
01.184890
01.190612
01.186818
01.272138
01.189321
01.087244
01.086131
01.269124
01.192898
01.188292
01.177387
01.190605
01.188353
01.194283
01.181563
01.092775
