00.306009
00.201023
00.148002
00.153572
00.149876
00.143646
00.143773
00.166980
00.175341
00.353174
00.182088
00.209393
00.253730
00.223144
00.252805
00.149137
00.130847
00.203289
00.193739
00.142402
00.131594
00.233025
00.156021
00.190108
00.315973
00.207076
00.230035
00.189579
00.339866
00.264922
00.134331
00.213370
00.146963
00.149906
00.163782
00.170459
00.180071
00.164415
00.145001
00.239498
00.207568
00.179606
00.139484
00.283651
00.179364
00.165148
00.149352
00.133024
00.281519
00.153458
00.148793
00.183991
00.183783
00.235009
00.178673
00.188197
00.190584
00.207905
00.190051
00.211513
00.184793
00.287280
00.219813
00.222994
00.180104
00.365028
00.123387
00.152130
00.132477
00.145509
00.260855
00.207691
00.130911
00.205894
00.196776
00.126909
00.186385
00.203919
00.168547
00.154327
00.156707
00.145235
00.224851
00.366387
00.233120
00.159201
00.218525
00.173190
00.247972
00.162970
00.152829
00.189973
00.206197
00.162912
00.170584
00.129508
00.245004
00.167269
00.177422
00.158717
