00.193929
00.149109
00.115175
00.136664
00.249706
00.089702
00.157259
00.120431
00.188734
00.145335
00.183388
00.182536
00.234465
00.157873
00.137580
00.126687
00.149603
00.136731
00.143350
00.092235
00.145986
00.185597
00.102377
00.148895
00.105936
00.121938
00.137995
00.095215
00.150843
00.131924
00.199740
00.123423
00.151094
00.166356
00.247864
00.138178
00.128346
00.121670
00.245094
00.166120
00.154384
00.206767
00.184872
00.132789
00.097962
00.091125
00.101585
00.141816
00.147990
00.168886
00.124810
00.131319
00.135401
00.112974
00.141147
00.170174
00.168057
00.177591
00.217953
00.176677
00.154948
00.129193
00.163041
00.113094
00.172245
00.137847
00.164600
00.149594
00.123906
00.259199
00.164610
00.155721
00.173417
00.073793
00.132728
00.113039
00.175095
00.128855
00.186608
00.196841
00.121782
00.111728
00.142443
00.109817
00.177388
00.112341
00.113796
00.152888
00.135069
00.157206
00.142035
00.142384
00.155409
00.139142
00.209759
00.149156
00.142440
00.298895
00.154612
00.163497
