00.984267
01.203439
01.385910
01.200054
01.269948
01.740090
01.087149
01.069494
00.950897
01.114253
01.206557
01.066943
01.370241
01.013586
01.062541
01.480045
01.083290
01.130398
01.290990
01.242930
00.984962
01.206638
01.336107
01.090456
01.664756
01.186495
01.383369
01.060132
01.096904
01.296936
01.100542
01.067612
01.193517
01.374492
00.984638
01.180539
01.356915
01.167754
01.274016
01.215880
01.017480
01.240478
01.094173
01.316863
01.375250
01.329930
01.386661
01.343906
01.463499
01.277741
01.013894
01.127896
01.549373
01.293540
01.543114
01.228676
01.316966
01.344341
01.260511
01.451139
00.996411
01.412761
01.227044
01.161459
01.155730
01.314256
01.469619
01.066501
01.107101
01.260153
01.130303
01.207559
01.419931
01.590136
01.156572
01.383448
01.425049
01.140112
01.072901
01.511359
01.470165
00.970848
01.336936
01.523985
01.044158
01.201522
01.333222
01.435039
01.106754
01.090687
01.105337
01.294020
01.128154
01.093270
01.326153
01.286804
01.193246
01.198672
01.218324
00.906272
