00.088797
00.139598
00.158518
00.163182
00.154509
00.242003
00.165790
00.131061
00.112772
00.150591
00.123541
00.109189
00.118713
00.126408
00.151912
00.117868
00.145336
00.141495
00.167218
00.182213
00.116719
00.145517
00.196597
00.145213
00.091043
00.346523
00.125174
00.075012
00.167853
00.148837
00.187461
00.117769
00.175621
00.223400
00.131277
00.131363
00.138523
00.164877
00.088283
00.111461
00.161888
00.235177
00.144084
00.123394
00.094844
00.110980
00.117857
00.152855
00.135568
00.084604
00.148651
00.133013
00.164084
00.181354
00.203336
00.252564
00.141239
00.136122
00.101128
00.144570
00.132945
00.135239
00.126317
00.131357
00.114423
00.179706
00.163018
00.300806
00.149656
00.224317
00.136662
00.200343
00.133080
00.142189
00.153058
00.200260
00.192890
00.179687
00.132041
00.186544
00.120447
00.154674
00.164507
00.135437
00.184070
00.137089
00.129710
00.113144
00.146726
00.154964
00.128391
00.146867
00.182911
00.117872
00.182106
00.143358
00.097848
00.164247
00.143732
00.135325
