00.184285
00.194829
00.401795
00.311081
00.333490
00.253781
00.237549
00.365012
00.177746
00.312267
00.239936
00.287345
00.320235
00.277272
00.218192
00.314187
00.300729
00.401959
00.352012
00.283631
00.211297
00.214584
00.256600
00.283536
00.169751
00.260049
00.251252
00.293652
00.289908
00.264068
00.188846
00.213266
00.297887
00.243212
00.296693
00.283233
00.253563
00.330546
00.268966
00.214601
00.259405
00.255680
00.393420
00.367088
00.376723
00.465668
00.285165
00.215719
00.292707
00.333019
00.238464
00.212792
00.144621
00.244659
00.201345
00.263450
00.239101
00.339115
00.237857
00.300125
00.389134
00.194883
00.310269
00.197211
00.288040
00.205380
00.210081
00.173887
00.215233
00.198441
00.220044
00.217768
00.269125
00.206940
00.299698
00.308233
00.360542
00.237120
00.258420
00.282521
00.260513
00.240590
00.188248
00.198557
00.193586
00.214144
00.182878
00.355817
00.277067
00.191667
00.326952
00.283842
00.315712
00.320667
00.217386
00.369832
00.300784
00.311646
00.219700
00.279060
