01.957718
02.193424
02.292836
02.430061
02.076595
02.184350
02.216991
02.604730
02.538072
02.296870
02.315068
02.606438
02.630720
02.377284
02.166335
02.474082
02.084747
01.940429
02.443894
02.208531
02.253658
02.755622
02.711867
02.041311
02.672786
02.494013
02.541207
01.997684
02.688980
02.236100
02.141406
02.386318
02.970100
02.237140
02.094099
02.043473
02.473249
02.504031
02.763599
02.123455
02.340219
02.714850
02.236876
02.300278
02.066963
02.171541
02.293319
01.838977
02.506996
02.362600
02.143188
02.648131
02.555631
02.368812
02.233646
02.411112
02.654734
02.323984
02.167570
02.216650
02.390395
02.065000
02.700165
02.558042
02.454349
02.363694
02.583391
02.538207
02.434816
02.557999
02.876074
02.425080
02.167237
02.291132
02.198737
02.088418
02.038394
02.148973
02.388517
02.287916
02.406756
02.023930
02.165306
01.914125
02.336167
01.951248
02.174684
02.527768
02.520929
02.553205
02.063353
02.379646
02.207181
02.001061
02.395344
02.027488
02.310024
01.990156
02.200081
02.289830
