00.813188
00.538542
00.385077
00.507556
00.483679
00.519018
00.491569
00.419991
00.472786
00.438787
00.384755
00.551536
00.423976
00.549613
00.538096
00.524408
00.474611
00.636091
00.507951
00.561253
00.479131
00.580962
00.732227
00.613627
00.596415
00.675143
00.624756
00.633116
00.665402
00.548075
00.660448
00.762888
00.600842
00.718564
00.655511
00.516993
00.510555
00.556456
00.449178
00.613612
00.538979
00.483910
00.662644
00.472230
00.616293
00.652944
00.664158
00.601293
00.613201
00.571688
00.615243
00.631215
00.521528
00.461663
00.651436
00.535670
00.442839
00.547030
00.515529
00.584142
00.670308
00.536106
00.547898
00.611386
00.536026
00.583186
00.562829
00.496933
00.468204
00.423437
00.436321
00.456349
00.460486
00.450684
00.442705
00.599026
00.566426
00.445492
00.572806
00.496156
00.459294
00.470006
00.457355
00.473947
00.535678
00.560189
00.585689
00.613280
00.594188
00.521227
00.551778
00.604336
00.551790
00.583098
00.540617
00.583753
00.683219
00.570580
00.558564
00.654782
