00.240162
00.316098
00.206511
00.212201
00.301396
00.305052
00.237800
00.194856
00.264421
00.221248
00.326664
00.241860
00.238068
00.241248
00.286704
00.263906
00.224305
00.235291
00.236046
00.287262
00.247342
00.266916
00.343711
00.218941
00.253784
00.279872
00.261660
00.238179
00.308126
00.251572
00.224702
00.243860
00.257217
00.284841
00.243438
00.224437
00.262185
00.225422
00.270250
00.350182
00.331060
00.255538
00.320502
00.266671
00.301630
00.293259
00.276690
00.287855
00.315665
00.329195
00.298470
00.294789
00.354141
00.257738
00.265855
00.319405
00.286011
00.277891
00.296676
00.321522
00.280598
00.264962
00.235121
00.345130
00.275355
00.212993
00.294337
00.259884
00.340643
00.290268
00.254203
00.199056
00.207465
00.264543
00.318956
00.300393
00.281620
00.286139
00.296205
00.237675
00.250293
00.360984
00.281178
00.273016
00.292853
00.284988
00.306541
00.292542
00.263973
00.306865
00.259320
00.285585
00.277942
00.374369
00.314471
00.290640
00.242275
00.235030
00.258962
00.270668
