12.590447
01.733083
01.698580
01.702551
01.822346
01.663354
01.794216
01.541325
01.822599
01.615653
01.638667
02.086578
02.127434
02.343717
04.114275
02.120305
07.284036
23.132616
25.387504
25.912489
26.475992
21.196321
24.105381
26.153755
28.328190
25.765362
26.174590
28.276358
27.124240
22.620997
24.306517
23.809269
23.939449
26.146522
27.476148
24.075886
24.064868
24.557069
23.518064
26.887482
27.183306
31.067453
24.139136
25.429285
22.772576
28.065737
21.649660
24.051255
24.588493
24.034235
25.882854
09.431342
00.636643
00.666000
00.597000
00.686645
00.690770
00.671775
00.588676
00.595227
00.689622
00.673408
00.691493
00.695246
00.683027
00.576417
00.596125
00.575923
00.684785
00.594996
00.592223
00.674098
00.682581
00.597262
00.593602
00.689108
00.692444
00.677696
00.489213
00.582334
00.698667
00.771479
00.598549
00.489299
00.685716
00.591302
00.583876
00.673010
00.602451
00.584038
00.676216
00.686437
00.601137
00.576506
00.593234
00.676914
00.593637
00.675752
00.697801
00.590107
