00.335974
00.264197
00.195155
00.232263
00.206709
00.204920
00.215189
00.227852
00.260060
00.247297
00.207997
00.296250
00.286781
00.245641
00.180156
00.212660
00.311871
00.222341
00.245580
00.274157
00.198303
00.252007
00.306267
00.271399
00.224727
00.221138
00.311158
00.277449
00.329072
00.230022
00.256191
00.204436
00.164388
00.248425
00.236261
00.253867
00.224545
00.267232
00.179885
00.214982
00.263982
00.248221
00.189830
00.398139
00.200917
00.294629
00.350617
00.280087
00.246118
00.335950
00.293622
00.335992
00.262258
00.211779
00.344701
00.275987
00.276316
00.347602
00.244700
00.283764
00.270849
00.273435
00.316358
00.231396
00.252849
00.194831
00.286184
00.299933
00.168052
00.303478
00.228505
00.280132
00.224630
00.241332
00.281143
00.255246
00.338837
00.261482
00.208611
00.290603
00.224453
00.274974
00.219523
00.247470
00.209784
00.285687
00.288145
00.250892
00.204551
00.273230
00.245120
00.254808
00.287637
00.300128
00.241674
00.321257
00.253184
00.323012
00.266425
00.198421
