05.246220
00.771797
00.854127
00.763037
00.873066
00.795094
00.902064
00.782403
01.113212
00.767935
00.604423
00.734686
00.705750
00.699695
00.625734
00.746984
00.879130
00.801011
00.763665
00.614073
00.641460
00.613777
00.545942
00.678259
00.714762
00.689262
00.866698
00.779487
00.853767
00.734656
00.927250
00.593700
00.705985
00.639593
00.804822
00.625215
00.836993
00.926233
01.023246
00.784877
01.096606
01.217393
01.000476
01.063057
01.718897
01.846657
01.792856
00.790591
02.472607
02.699906
02.699544
02.889540
02.905662
03.325897
03.337087
03.571042
02.281997
02.166700
02.396180
02.449110
02.595266
02.833619
03.062030
02.626021
02.384145
02.356943
02.370086
02.543720
02.840308
02.972132
02.281856
02.270368
02.486025
02.725891
02.806971
02.949655
03.098535
03.382898
02.772904
02.413042
02.615649
02.836310
02.719883
03.244457
03.263540
03.513357
02.822190
02.904241
02.321453
02.299862
02.596580
02.591890
02.318843
02.431469
02.483758
02.718281
02.397973
02.511833
02.653016
02.893449
