04.651438
02.349618
02.014420
02.294282
02.321809
02.769322
02.603569
02.599873
02.837862
02.897418
02.583210
02.814859
02.473255
02.708190
02.589989
02.789432
02.750860
02.695598
02.957903
02.674002
02.596312
03.123703
02.779607
02.903503
02.859824
02.739454
02.662338
03.025335
02.975836
02.943857
03.166833
02.716637
02.867492
02.993954
02.931127
02.580941
03.090880
06.144010
03.077476
03.784180
06.309659
38.014014
25.714611
42.049976
48.241144
40.057111
56.235899
45.840585
52.606239
46.981629
51.259602
49.106626
45.746048
54.344736
45.630917
52.807188
50.016379
38.900027
01.360286
01.271959
01.284340
01.188109
01.275793
01.393035
01.288905
01.281288
01.179841
01.383254
01.287934
01.186845
01.265393
01.194486
01.378911
01.290794
01.383722
01.374633
01.296972
01.184776
01.281129
01.291863
01.170853
01.292127
01.381994
01.291311
01.184545
01.283922
01.175219
01.191307
01.272300
01.197546
01.296040
01.369469
01.290993
01.375551
01.282649
01.388099
01.393449
01.285558
01.288909
01.290001
