00.277587
00.248528
00.297271
00.306855
00.233182
00.341348
00.265416
00.272609
00.198389
00.294295
00.316565
00.349481
00.292059
00.189504
00.218538
00.319422
00.347151
00.254295
00.190527
00.347994
00.290270
00.425794
00.378354
00.334293
00.225828
00.306599
00.281447
00.319913
00.243882
00.310652
00.276508
00.393942
00.303247
00.252638
00.282496
00.325848
00.182204
00.338422
00.252435
00.226628
00.353416
00.322879
00.372147
00.312529
00.256784
00.314537
00.370863
00.321101
00.301064
00.327344
00.313730
00.314153
00.360651
00.359445
00.229939
00.246522
00.322334
00.335632
00.329900
00.363265
00.370025
00.386022
00.331022
00.296694
00.250722
00.271392
00.280186
00.360892
00.353844
00.382716
00.377574
00.277195
00.304793
00.341350
00.342936
00.357421
00.364567
00.319686
00.280323
00.314757
00.369893
00.265779
00.296997
00.330837
00.354241
00.337735
00.263107
00.249978
00.205413
00.294766
00.243357
00.252616
00.288596
00.322953
00.432714
00.291422
00.383737
00.407576
00.266420
00.302563
