01.141771
01.163194
01.459744
01.486449
01.486973
01.372441
01.632529
01.593354
01.538953
01.523507
01.543885
01.342030
01.323805
01.586322
01.712715
01.729809
01.613193
01.502590
01.344301
01.654080
01.563285
01.643115
01.672119
01.475996
01.971957
01.815139
01.732960
01.502003
01.440588
01.720491
01.545854
01.861223
01.849532
01.470966
02.221785
01.723690
01.577980
01.690102
01.493537
01.504934
01.879427
02.129753
01.382492
01.377108
01.689956
01.793386
01.492545
01.409613
01.729777
01.649874
01.823198
01.766740
01.677338
01.787267
01.783374
01.702399
01.374500
01.363290
01.630519
01.600809
01.867048
01.749965
01.679844
01.667673
01.559992
01.396816
01.406041
01.419408
01.641705
01.450207
01.716899
01.587141
01.531655
01.568566
01.570477
01.444307
01.542480
01.855094
01.531450
01.614954
01.667076
01.776565
01.540144
01.563434
01.597611
01.743428
01.542477
01.731160
01.554352
01.228981
01.482132
01.668486
01.619156
01.873383
01.349080
01.667316
01.556423
01.643159
01.427380
01.528894
