00.201747
00.211923
00.264081
00.254924
00.301216
00.268754
00.161620
00.258244
00.228560
00.253962
00.315372
00.189864
00.194260
00.188160
00.238571
00.271206
00.299538
00.214734
00.265163
00.213842
00.315142
00.267940
00.258809
00.250402
00.168982
00.304239
00.326975
00.328364
00.243715
00.281008
00.348184
00.137661
00.318121
00.364859
00.228225
00.205995
00.290366
00.379615
00.364718
00.366982
00.240791
00.204172
00.139115
00.297046
00.226872
00.254258
00.193909
00.247563
00.331349
00.188741
00.259890
00.268653
00.232032
00.272816
00.315276
00.298229
00.345497
00.284330
00.306375
00.245508
00.247487
00.235940
00.314372
00.225288
00.354000
00.290009
00.274485
00.395466
00.260218
00.284800
00.263869
00.280907
00.275430
00.298646
00.271417
00.266958
00.295948
00.202772
00.244998
00.243252
00.261580
00.312663
00.281057
00.382009
00.309674
00.238515
00.290624
00.337927
00.235687
00.278608
00.223800
00.298802
00.238003
00.254625
00.320107
00.311799
00.365101
00.227672
00.273415
00.324540
