02.877038
02.842165
02.611352
03.199779
02.939522
03.121306
02.778920
02.703645
02.797100
02.832172
02.795929
02.951137
03.133735
02.933434
02.742352
02.760796
02.773122
03.051809
02.772669
03.036036
02.920426
03.102015
03.305996
03.007918
03.084769
03.051423
03.200851
03.021305
02.899011
02.800175
02.377119
03.231946
03.029842
03.284507
03.367456
03.476538
03.368099
03.226260
03.033796
02.916472
02.955970
02.443140
03.286991
02.942047
02.902760
03.080528
02.838401
02.542829
03.393540
02.610364
03.519557
03.123250
02.902870
03.281267
03.245915
03.397767
03.093216
03.521564
03.271748
03.617092
02.600237
02.943803
03.023135
03.434986
02.935421
02.772179
03.030208
03.044311
02.988791
03.494124
03.102248
03.150297
02.940787
03.189012
03.168416
02.473408
03.107070
02.923007
02.530493
02.889627
02.985119
02.796351
03.461824
02.352481
03.280037
03.321301
03.149954
02.866548
02.678170
02.907897
02.777739
02.961554
02.968743
03.325571
03.218908
03.184432
03.184145
03.138832
03.165560
02.845432
