00.212873
00.203724
00.174323
00.169740
00.153924
00.218936
00.210694
00.182736
00.128541
00.314200
00.173295
00.187956
00.245152
00.216247
00.185130
00.178477
00.269917
00.188770
00.241524
00.223323
00.193019
00.225471
00.267536
00.216198
00.296186
00.225211
00.211214
00.191861
00.161462
00.187329
00.204686
00.186501
00.173469
00.206199
00.157251
00.208007
00.176406
00.249601
00.216287
00.160070
00.203144
00.183734
00.160867
00.244347
00.264636
00.208536
00.196206
00.253782
00.185313
00.214032
00.180476
00.212771
00.160123
00.202864
00.187852
00.200444
00.206497
00.217718
00.174019
00.193173
00.246401
00.225858
00.216894
00.170202
00.226492
00.155832
00.199790
00.184647
00.186093
00.166488
00.173239
00.153526
00.222926
00.233459
00.204646
00.160080
00.176448
00.238064
00.134151
00.235495
00.266747
00.186750
00.218985
00.189964
00.181435
00.218617
00.183794
00.325440
00.186489
00.174873
00.179874
00.188762
00.290876
00.208924
00.192160
00.176922
00.280483
00.184049
00.144269
00.160970
