00.146394
00.193079
00.126584
00.230577
00.173504
00.229006
00.151288
00.166710
00.118057
00.139485
00.133442
00.176262
00.148435
00.183647
00.147619
00.153184
00.123606
00.140727
00.188812
00.204397
00.196619
00.175547
00.210349
00.147175
00.242423
00.176749
00.223248
00.138855
00.153280
00.199640
00.247334
00.193586
00.162563
00.207480
00.145742
00.191518
00.139037
00.150491
00.147155
00.183029
00.173008
00.135135
00.200586
00.210246
00.150392
00.322028
00.128476
00.164132
00.214920
00.204003
00.146290
00.167291
00.221520
00.248769
00.120610
00.156041
00.169013
00.143826
00.160768
00.200060
00.129176
00.155908
00.206797
00.126467
00.166624
00.173867
00.146800
00.131724
00.164514
00.155420
00.131772
00.163750
00.170035
00.178346
00.133013
00.182593
00.177817
00.193607
00.163769
00.129545
00.128578
00.163922
00.141076
00.141975
00.176748
00.169166
00.181768
00.136121
00.212614
00.194728
00.214284
00.204052
00.159030
00.171033
00.185008
00.184105
00.197335
00.199116
00.129491
00.147284
