00.803376
00.915657
01.049712
01.456635
01.062805
01.182608
01.179730
00.967035
01.250360
01.239536
00.905517
00.983848
01.000785
01.230200
01.376840
01.223013
01.094713
01.461132
01.180753
01.258391
01.263517
01.451496
01.405774
01.387448
01.260195
01.214311
01.220233
01.077133
01.277041
01.308905
01.279843
01.111770
01.376705
01.369874
01.181258
01.396774
01.285260
01.439004
01.299942
01.013082
01.117835
01.279886
01.146853
01.333342
01.266872
01.202879
01.240134
01.251948
01.261491
01.156926
01.640982
01.303394
01.171848
01.486115
01.183232
01.506508
01.221247
01.140191
01.193703
00.976779
01.363563
01.209990
01.425516
01.246886
01.219887
01.151360
01.120173
01.189481
01.391604
01.134565
01.178778
01.501030
01.186384
01.327211
01.233873
01.241938
01.224164
01.453575
01.232430
01.092197
01.164237
01.118908
01.379851
01.363868
01.381206
01.220240
01.499904
01.224563
01.367703
01.346561
01.172416
01.231944
01.447940
01.394218
01.063311
01.236328
01.318812
01.410110
01.304334
01.283688
