00.165351
00.187637
00.119577
00.150099
00.141837
00.185161
00.212476
00.137998
00.135482
00.148427
00.152411
00.188653
00.134103
00.165047
00.163940
00.123074
00.213119
00.120808
00.157362
00.143759
00.188596
00.147709
00.154843
00.174021
00.204180
00.275560
00.197033
00.184174
00.219626
00.108987
00.138354
00.131724
00.157854
00.201663
00.178121
00.199289
00.186668
00.166749
00.163360
00.160184
00.326390
00.160018
00.202062
00.158509
00.193246
00.206867
00.165494
00.177108
00.285825
00.117202
00.147018
00.111574
00.162972
00.149660
00.193378
00.134135
00.194370
00.106470
00.222803
00.134481
00.145287
00.140396
00.125971
00.135773
00.145384
00.147372
00.225236
00.177868
00.226709
00.138823
00.155302
00.128637
00.160464
00.167050
00.135043
00.249186
00.153074
00.149257
00.151014
00.206796
00.176910
00.167456
00.130797
00.138422
00.201191
00.194027
00.182693
00.187396
00.154809
00.226227
00.137749
00.206092
00.156238
00.143029
00.151738
00.172165
00.186962
00.177872
00.153016
00.170780
