00.443258
00.381996
00.390528
00.405867
00.307438
00.385165
00.349285
00.419672
00.420006
00.311674
00.424331
00.481331
00.325342
00.452383
00.440728
00.410175
00.407764
00.618733
00.374708
00.466791
00.429600
00.358874
00.403056
00.496508
00.382515
00.375784
00.443260
00.547674
00.418061
00.426846
00.440028
00.437183
01.089782
00.450261
00.386731
00.453273
00.477770
00.405679
00.346687
00.425924
00.381869
00.473563
00.423937
00.469073
00.533825
00.411202
00.508022
00.394323
00.371527
00.663211
00.516353
00.429158
00.444885
00.386186
00.560007
00.792057
00.459592
00.713063
00.375823
00.523105
00.541642
00.390915
00.423023
00.372974
00.520793
00.380756
00.387653
00.507584
00.408438
00.408317
00.521073
00.454743
00.445781
00.384078
00.491992
00.418862
00.439790
00.403879
00.393115
00.464371
00.542971
00.415686
00.399934
00.424744
00.344025
00.456708
00.437078
00.436821
00.373025
00.432996
00.649767
00.587267
00.404532
00.389446
00.440034
00.416648
00.461067
00.377425
00.329991
00.683544
