01.833102
01.683814
01.815469
01.706271
02.017458
01.716787
02.369022
02.160563
01.994829
01.930232
01.977345
02.316972
02.116988
01.892200
02.244850
04.324354
02.063345
02.293679
02.119227
01.685381
02.267609
01.980161
01.926887
01.935483
01.863971
02.223841
02.097408
02.179552
02.167976
02.291493
02.246518
02.117285
01.982111
02.270545
01.963095
01.920245
02.010095
02.333692
02.308884
02.076712
02.134888
02.539079
02.510743
02.282244
01.999510
02.258877
02.320725
01.870402
02.020001
02.313387
02.299768
02.227686
01.987283
02.017273
02.293007
01.929875
02.323242
01.797316
02.164681
02.294585
02.350239
02.259197
01.816323
02.337036
02.493286
02.010304
02.233460
02.043676
02.083346
02.524809
02.211779
02.078190
02.211106
02.179851
02.173081
02.216315
02.159821
02.196058
02.144422
02.231366
02.176100
01.989357
02.017381
02.174311
02.386665
02.435876
02.122196
02.097107
02.993999
02.279735
02.618117
02.213984
02.080317
02.296641
02.314515
01.959986
02.090065
01.971908
02.293529
02.159274
