00.037582
00.040268
00.041454
00.041174
00.037849
00.043578
00.034089
00.044477
00.039819
00.036477
00.036330
00.035833
00.042673
00.035326
00.039199
00.039189
00.038598
00.042280
00.039280
00.033999
00.044026
00.038768
00.041263
00.036129
00.039071
00.040816
00.041507
00.037348
00.037165
00.039609
00.043469
00.042845
00.035597
00.038255
00.036106
00.036118
00.033059
00.042917
00.035580
00.039850
00.041451
00.036623
00.042917
00.039899
00.039555
00.035473
00.040346
00.032552
00.038627
00.043504
00.041439
00.038392
00.038331
00.041077
00.041371
00.038400
00.033598
00.038169
00.039674
00.035879
00.036737
00.035476
00.034277
00.037265
00.039948
00.043074
00.038209
00.035702
00.038050
00.038823
00.037764
00.037744
00.040394
00.036797
00.044238
00.038482
00.043213
00.038774
00.042412
00.042962
00.041095
00.045328
00.038861
00.044397
00.041509
00.041256
00.043714
00.039886
00.045832
00.034417
00.043261
00.035430
00.040334
00.036057
00.033347
00.039659
00.038139
00.038597
00.041322
00.036807
