00.036809
00.033580
00.037395
00.040609
00.036874
00.035810
00.034136
00.037934
00.040350
00.031625
00.034106
00.034601
00.040129
00.034726
00.041015
00.033563
00.030263
00.038572
00.038970
00.039057
00.032862
00.041539
00.041709
00.032190
00.034110
00.039690
00.040943
00.040651
00.046812
00.037158
00.037247
00.035385
00.031367
00.031989
00.038585
00.036661
00.038042
00.038654
00.033643
00.033811
00.040902
00.040087
00.039962
00.039035
00.032897
00.040483
00.033652
00.042289
00.036735
00.041773
00.042016
00.034056
00.035740
00.038450
00.041318
00.036581
00.035601
00.033589
00.038992
00.035957
00.036217
00.035663
00.037501
00.036305
00.040354
00.038593
00.034075
00.034068
00.037370
00.037516
00.034271
00.031803
00.035899
00.037359
00.037783
00.034297
00.038044
00.041177
00.036996
00.042996
00.038480
00.038060
00.040989
00.030928
00.035076
00.041625
00.034321
00.035340
00.034276
00.034701
00.038451
00.036368
00.044549
00.042809
00.036647
00.036799
00.039590
00.035613
00.034489
00.039540
