00.582595
00.599276
00.488562
00.590356
00.583153
00.586614
00.687094
00.588747
00.696490
00.587131
00.592144
00.589328
00.494793
00.800837
00.584541
00.592429
00.595547
00.577459
00.595441
00.496165
00.595688
00.498399
00.697596
00.591204
00.593606
00.685891
00.493503
00.490779
00.584081
00.492535
00.585565
00.494643
00.588435
00.582809
00.481522
00.688772
00.498552
00.585373
00.493505
00.492813
00.589137
00.487308
00.684331
00.494348
00.576927
00.704790
00.584925
00.590033
00.489983
00.483375
00.589254
00.582020
00.598643
00.590583
00.586064
00.591442
00.580158
00.497600
00.491486
00.588763
00.589062
00.482504
00.602971
00.486326
00.586713
00.487836
00.585945
00.591440
00.590121
00.490976
00.582325
00.499476
00.486375
00.492359
00.485866
00.590917
00.489261
00.593374
00.600184
00.494593
00.681833
00.489065
00.592172
00.589967
00.585052
00.497180
00.494520
00.600178
00.491013
00.489310
00.490264
00.581625
00.587188
00.498372
00.492572
00.502575
00.590152
00.481075
00.595958
00.494448
