00.062077
00.033867
00.037751
00.078683
00.035216
00.039795
00.039702
00.035743
00.042562
00.039046
00.037299
00.034549
00.036048
00.040633
00.033642
00.041395
00.034510
00.036006
00.038451
00.039026
00.035463
00.038990
00.036755
00.036929
00.035729
00.042091
00.037987
00.031210
00.037761
00.037761
00.034574
00.040813
00.034365
00.040248
00.047932
00.033910
00.037555
00.035814
00.033606
00.039150
00.037130
00.042089
00.036609
00.036344
00.039106
00.033353
00.045456
00.039495
00.035369
00.040209
00.035129
00.033671
00.034173
00.038603
00.035241
00.033942
00.033555
00.040318
00.040778
00.035912
00.037516
00.037308
00.033136
00.034152
00.037257
00.035764
00.039057
00.037429
00.031336
00.032036
00.035764
00.037698
00.038440
00.037584
00.039429
00.036495
00.035618
00.032762
00.032238
00.038822
00.038947
00.034285
00.030455
00.036167
00.036158
00.038653
00.032361
00.039881
00.034079
00.035020
00.035316
00.038594
00.042887
00.040602
00.034463
00.034909
00.034684
00.034268
00.040569
00.042445
