00.044153
00.062218
00.089219
00.090082
00.094444
00.043345
00.050911
00.039651
00.043212
00.044042
00.043587
00.058764
00.049671
00.095440
00.092139
00.049005
00.044870
00.042202
00.040658
00.042795
00.091357
00.095121
00.040433
00.047016
00.083629
00.041085
00.045386
00.036528
00.050139
00.076564
00.047388
00.046219
00.075557
00.050420
00.039642
00.042257
00.047824
00.051987
00.045738
00.049746
00.080409
00.038419
00.046903
00.037871
00.051733
00.046278
00.093376
00.038230
00.039918
00.046292
00.038883
00.048227
00.089097
00.084664
00.092286
00.040397
00.040224
00.085813
00.091049
00.087377
00.094680
00.041592
00.039028
00.046800
00.087480
00.039067
00.039661
00.050231
00.044097
00.039299
00.042140
00.046783
00.073069
00.095041
00.088866
00.083686
00.093716
00.088095
00.090050
00.042146
00.043538
00.039719
00.046175
00.081038
00.091650
00.086997
00.050183
00.044756
00.073330
00.090437
00.089811
00.086947
00.043352
00.039033
00.038414
00.092798
00.046228
00.040427
00.041522
00.040561
