01.100419
01.089837
01.182634
01.094640
01.084005
01.093629
01.189117
01.190599
01.101586
01.088658
01.083516
01.187323
01.086067
01.097760
01.090205
01.086274
01.083361
01.191050
01.091345
01.007010
01.105081
00.987490
01.280126
01.291857
01.092166
00.990086
01.295119
01.194930
01.188811
01.087211
01.180614
01.098090
01.278740
01.092282
01.193076
01.089895
01.081994
01.190371
01.185476
01.195703
01.188944
01.181986
01.082105
01.205008
01.201357
01.178633
01.100243
00.986363
01.082837
01.198838
01.288375
01.180309
01.096946
01.084964
01.189659
01.093685
01.083229
01.090251
01.186513
01.091994
01.001313
01.088255
01.092325
01.182511
01.095029
01.189703
01.180227
01.196545
00.993723
01.083605
01.186297
01.192006
01.184009
01.182670
01.204792
01.188878
01.003543
01.174063
01.091463
01.097658
01.186168
01.188483
01.094154
01.299868
01.290885
01.077492
01.093666
01.187504
01.097360
01.084627
01.092642
01.093223
01.097584
01.086701
00.990671
01.092571
00.996474
01.184801
01.100320
01.088131
