00.333150
00.374199
00.328285
00.422502
00.357850
00.438541
00.509859
00.437744
00.395002
00.443401
00.453208
00.377769
00.356387
00.420938
00.357560
00.436185
00.441749
00.433992
00.441808
00.302586
00.430146
00.322558
00.414736
00.389737
00.320443
00.417240
00.384391
00.446723
00.422489
00.384020
00.394210
00.370889
00.332381
00.386662
00.355958
00.493232
00.369638
00.409841
00.464033
00.450114
00.485119
00.377095
00.398641
00.474412
00.377982
00.376167
00.364345
00.400330
00.348415
00.329655
00.414712
00.426799
00.387478
00.483852
00.436885
00.463895
00.344481
00.387646
00.443891
00.428829
00.449550
00.332704
00.371941
00.476865
00.443413
00.367974
00.406687
00.389617
00.273564
00.511118
00.395422
00.391215
00.266835
00.383715
00.390398
00.345635
00.406596
00.440447
00.349649
00.436250
00.381344
00.271717
00.489450
00.334021
00.453264
00.386650
00.401335
00.450558
00.417720
00.465505
00.306152
00.333602
00.405128
00.318211
00.348153
00.480410
00.307626
00.370299
00.366692
00.305498
