00.348089
00.325907
00.402974
00.403378
00.377836
00.365652
00.376883
00.370520
00.296413
00.427629
00.427537
00.302832
00.352769
00.445619
00.280430
00.411634
00.390926
00.356075
00.370110
00.350915
00.390740
00.396908
00.479376
00.404147
00.397535
00.322185
00.371869
00.388342
00.344501
00.393052
00.269340
00.428049
00.346723
00.480851
00.292985
00.379788
00.397253
00.392847
00.466551
00.257762
00.413907
00.282295
00.377967
00.437815
00.318382
00.384582
00.317490
00.250648
00.330311
00.377846
00.342410
00.372209
00.497928
00.411897
00.380679
00.397861
00.423708
00.395404
00.835649
00.332109
00.342187
00.347550
00.333279
00.324868
00.352811
00.390029
00.328053
00.317864
00.423698
00.365872
00.295435
00.291475
00.391268
00.397837
00.387723
00.392883
00.400096
00.373580
00.367995
00.390189
00.321973
00.336027
00.433164
00.411303
00.312032
00.417984
00.310317
00.400595
00.365676
00.245634
00.329550
00.339597
00.348882
00.344736
00.412223
00.266286
00.349115
00.377821
00.314344
00.311206
