00.691760
00.732665
00.684236
00.526423
00.559222
00.419946
00.565223
00.616870
00.392256
00.626856
00.812052
00.644146
00.671556
00.494805
00.833005
00.612919
00.678530
00.581363
00.670416
00.741910
00.647879
00.549097
00.590126
00.597886
00.703165
00.493029
00.619530
00.883635
00.360131
00.506702
00.438777
00.607640
00.596343
00.718599
00.598823
00.532018
00.681218
00.715377
00.516778
00.569762
00.539314
00.839683
00.644341
00.542947
00.664190
00.692385
00.704195
00.724608
00.800754
00.710000
00.652533
00.704342
00.597548
00.561514
00.667190
00.709052
00.687248
00.889949
00.790131
00.736986
00.641773
00.721129
00.684327
00.720140
00.730085
00.793583
00.844251
00.538015
00.613214
00.553430
00.654883
00.707432
00.693032
00.733362
00.626019
00.634933
00.736425
00.602701
00.625624
00.750747
00.657548
00.748060
00.717047
00.738600
00.876492
00.560563
00.759927
00.705680
00.644634
00.611140
00.723967
00.485815
00.653131
00.686394
00.568823
00.613772
00.600568
00.464160
00.554360
00.690883
