03.504263
05.144341
03.330193
04.964368
04.694209
03.830161
04.808884
04.886539
05.017561
04.545720
04.616745
04.707245
05.188217
04.308831
04.136970
04.649053
03.647409
04.569348
04.827805
05.821228
07.016516
05.354131
06.205530
04.128694
05.976787
04.375532
06.001372
05.782918
04.820500
04.106532
03.833197
03.252332
05.551357
04.578017
05.624454
04.045678
05.493684
05.333574
06.616951
04.053946
05.756024
04.514491
03.844795
04.550733
05.397407
04.054226
05.996213
04.864848
04.393903
04.547694
04.129478
05.070658
05.455394
03.270417
05.479159
04.956454
05.002534
03.642623
04.586572
04.905860
05.109781
08.022420
04.509026
06.284200
06.159788
05.516534
04.074090
03.966617
06.792894
07.914025
04.581858
03.476733
07.322892
05.467916
05.262926
03.738823
05.490844
05.124814
05.089381
03.951850
03.588728
05.011850
03.295159
03.537334
07.728864
05.327359
04.728109
03.376623
06.142130
05.522620
03.853449
03.428860
04.195085
04.060831
04.130984
04.293467
04.103881
03.625884
06.133656
03.696202
