00.167159
00.159996
00.166154
00.336808
00.199807
00.173519
00.204359
00.131494
00.169343
00.219451
00.120208
00.117293
00.117709
00.114972
00.230072
00.151617
00.174790
00.165170
00.222893
00.147226
00.122783
00.169161
00.121485
00.198714
00.287015
00.300242
00.193327
00.125628
00.133556
00.156575
00.175642
00.215154
00.187686
00.327232
00.121680
00.166613
00.181507
00.155715
00.249104
00.252603
00.154464
00.208240
00.177036
00.153587
00.139512
00.151841
00.179759
00.179017
00.147676
00.230544
00.196734
00.163030
00.136093
00.270017
00.142180
00.228269
00.157493
00.134189
00.201806
00.215120
00.188676
00.223261
00.125084
00.112999
00.143439
00.084147
00.180716
00.170497
00.158725
00.214246
00.132417
00.111875
00.198035
00.210364
00.159898
00.111520
00.321495
00.173600
00.180831
00.241569
00.247225
00.163832
00.169033
00.172317
00.249051
00.136455
00.177161
00.183397
00.190756
00.176780
00.276457
00.209369
00.239974
00.140763
00.139505
00.223007
00.143099
00.147407
00.183125
00.190638
