00.062516
00.115512
00.106478
00.110185
00.144244
00.128109
00.148539
00.093526
00.066562
00.156527
00.115842
00.196801
00.115237
00.163899
00.120506
00.130302
00.101949
00.096931
00.162817
00.094305
00.077581
00.105600
00.098231
00.149474
00.132727
00.111750
00.184226
00.143510
00.238983
00.111175
00.074228
00.114276
00.199900
00.094889
00.130011
00.086033
00.112263
00.190077
00.262947
00.118336
00.109087
00.303418
00.134861
00.128750
00.124625
00.164932
00.134200
00.104747
00.239655
00.114975
00.131179
00.142894
00.117578
00.107342
00.135494
00.115927
00.097512
00.105601
00.207950
00.107939
00.148810
00.137653
00.118554
00.155906
00.114213
00.082779
00.114460
00.107214
00.106155
00.120553
00.156808
00.124772
00.136421
00.084961
00.124175
00.146136
00.112205
00.117108
00.152664
00.175686
00.116312
00.125450
00.114584
00.179101
00.157773
00.136007
00.116433
00.104642
00.111656
00.143607
00.144924
00.253888
00.101301
00.108688
00.083089
00.137952
00.146328
00.241447
00.147671
00.130579
