01.061221
01.146690
00.961011
01.300102
01.262747
01.152080
01.263639
01.145684
01.238669
00.993727
01.140397
01.306607
01.116138
01.370209
01.476950
00.984622
00.931666
00.966730
01.145444
01.018421
01.052938
01.134215
01.024416
00.883446
01.209925
01.033192
00.999752
00.996995
01.306578
01.134841
00.955526
01.454178
01.453397
00.924349
01.290274
01.146206
01.372273
01.218089
01.146404
01.465915
01.293543
01.335286
01.404563
01.189800
00.949232
01.396666
00.811534
01.290693
00.976645
01.091900
01.337480
01.143750
01.160092
00.891079
01.269504
01.090155
00.926305
01.416237
01.126443
01.039492
01.360084
01.590852
01.069962
01.192221
01.109986
01.343527
01.231895
01.276094
01.356438
01.073308
01.089986
01.353366
01.001180
01.315172
01.193506
01.135061
01.171671
01.235243
01.599338
01.190652
01.377259
01.158153
01.254449
00.897581
00.960604
01.054688
01.295937
01.215232
01.388714
01.280468
01.569877
01.465134
01.022001
01.237531
01.053532
01.013180
01.207255
00.979666
01.255961
01.278545
