00.124231
00.126055
00.088897
00.122182
00.133881
00.165907
00.143823
00.135963
00.104288
00.094981
00.097719
00.100171
00.108451
00.120837
00.090276
00.094340
00.110091
00.105416
00.094702
00.132355
00.063308
00.115761
00.109500
00.117577
00.137261
00.098470
00.102670
00.147881
00.104218
00.134915
00.077759
00.103408
00.088453
00.081456
00.161181
00.091323
00.127532
00.115892
00.092705
00.111817
00.098786
00.115303
00.133824
00.095323
00.110299
00.144522
00.093334
00.088808
00.064906
00.081028
00.090001
00.105837
00.175787
00.086689
00.120992
00.216296
00.098162
00.091660
00.111665
00.125727
00.107220
00.167196
00.086721
00.083362
00.184178
00.086729
00.105685
00.097977
00.101468
00.099777
00.094735
00.144653
00.145552
00.195989
00.154464
00.099101
00.135284
00.133635
00.170618
00.124729
00.093311
00.177267
00.162356
00.127863
00.086622
00.080411
00.139164
00.120752
00.096294
00.101767
00.177439
00.104098
00.198842
00.130210
00.136156
00.091421
00.121184
00.138368
00.114521
00.142265
