00.165897
00.198891
00.154791
00.316969
00.208247
00.424705
00.313083
00.176090
00.174275
00.299926
00.201189
00.215360
00.297008
00.340698
00.284309
00.283722
00.379263
00.259728
00.260949
00.310773
00.310359
00.293689
00.663343
00.189178
00.255842
00.327311
00.271318
00.353461
00.270844
00.420277
00.240570
00.206624
00.193162
00.283077
00.249984
00.307799
00.321683
00.247596
00.201520
00.439669
00.224404
00.271421
00.155923
00.187325
00.383785
00.201128
00.222656
00.412904
00.206061
00.307558
00.257101
00.228170
00.262609
00.245193
00.363276
00.206757
00.317940
00.269945
00.323808
00.279521
00.264001
00.196784
00.173076
00.311660
00.533298
00.300575
00.233804
00.305693
00.236352
00.274153
00.252539
00.254351
00.212139
00.265162
00.223939
00.207999
00.216128
00.296531
00.388172
00.247937
00.216891
00.217108
00.167029
00.215262
00.432832
00.241003
00.383224
00.380437
00.295065
00.308232
00.215740
00.236260
00.282815
00.255170
00.306606
00.349773
00.300979
00.321143
00.195707
00.339685
