01.986707
02.184055
02.010227
02.290108
02.260933
02.117115
01.816788
02.211068
01.914368
02.246684
02.245027
01.880712
02.083264
02.002912
02.356386
02.025530
02.052007
02.208361
02.402004
02.061618
02.231403
02.026823
02.139818
02.014081
02.302188
01.973463
02.730246
02.413946
02.099932
02.683212
02.256736
02.116649
02.402006
02.262545
02.174486
02.283630
02.431992
02.128431
02.179832
02.711681
02.437921
01.962801
02.386758
02.418465
02.310279
02.493523
02.260501
02.148236
02.417912
01.936186
01.880201
02.893218
02.306635
02.000157
01.997004
02.259989
02.394003
02.260273
02.225524
02.493634
02.711452
02.010255
02.193240
02.265668
02.014708
02.416594
02.184342
02.223775
02.117821
02.283017
02.151618
02.666170
02.353156
02.647027
02.247279
02.070063
02.135095
02.118968
02.059907
02.191939
02.280957
02.383098
02.289723
02.477483
02.336108
02.234762
02.375803
02.123261
02.073381
02.486844
02.322320
02.297486
02.076973
02.309248
02.099554
02.063551
02.193704
02.216668
02.545220
02.073168
