00.099626
00.115247
00.233856
00.171064
00.199951
00.177312
00.186327
00.206284
00.192878
00.102294
00.086912
00.233140
00.177091
00.131729
00.187299
00.181896
00.167165
00.111514
00.194741
00.164843
00.124799
00.209825
00.153256
00.124070
00.194993
00.157141
00.213523
00.176523
00.183718
00.103054
00.104062
00.112911
00.128332
00.242012
00.186813
00.153956
00.172213
00.149941
00.171083
00.214872
00.153042
00.208412
00.170478
00.161425
00.202283
00.120653
00.236548
00.279860
00.222515
00.189069
00.209998
00.183987
00.124205
00.173378
00.135923
00.177339
00.206541
00.139808
00.157789
00.139350
00.165070
00.173702
00.219086
00.187141
00.196410
00.116130
00.149884
00.213145
00.149844
00.268495
00.107138
00.144805
00.157829
00.185638
00.236467
00.283497
00.199971
00.202365
00.129359
00.144795
00.257212
00.169918
00.130072
00.252686
00.151539
00.183024
00.165093
00.196410
00.135006
00.115981
00.221121
00.169043
00.132456
00.144839
00.139865
00.132728
00.126983
00.181578
00.247053
00.141855
