00.159375
00.127813
00.088754
00.088060
00.209555
00.112988
00.145086
00.146268
00.093386
00.120000
00.094347
00.126875
00.085809
00.100932
00.097320
00.084628
00.098913
00.130917
00.083785
00.080450
00.092227
00.140017
00.162798
00.104687
00.169922
00.081998
00.098546
00.121506
00.071268
00.101461
00.107069
00.096498
00.096168
00.088874
00.065973
00.084889
00.081308
00.093269
00.223558
00.169450
00.104565
00.084643
00.104403
00.064140
00.102302
00.161688
00.117111
00.140989
00.114396
00.102922
00.068106
00.099881
00.110014
00.099817
00.118311
00.108718
00.095907
00.114605
00.124741
00.137569
00.105105
00.143000
00.108789
00.141211
00.101736
00.209746
00.161346
00.092885
00.121695
00.189838
00.127246
00.094863
00.094653
00.098364
00.085516
00.066120
00.128030
00.107398
00.089739
00.098713
00.203822
00.109224
00.154785
00.131437
00.108174
00.078754
00.082865
00.130501
00.149519
00.129203
00.091484
00.129898
00.256477
00.112575
00.114079
00.122300
00.130627
00.118675
00.199007
00.112935
