00.837840
01.097323
01.174318
01.019875
01.038222
00.802048
00.887703
01.201053
00.814745
01.075770
01.074945
00.913141
00.953517
01.180848
01.083915
01.300787
01.206583
01.101426
01.081744
01.228235
01.084471
01.120426
01.512826
01.320184
00.868214
01.217538
01.127509
01.083622
01.262287
01.477465
01.373534
01.101224
01.219450
01.205334
00.767097
00.928203
01.284935
01.162928
01.393297
01.121607
01.150024
01.060940
01.233555
01.115581
01.221919
01.286571
01.009228
00.976910
01.213894
01.101018
01.066691
01.493540
01.108252
01.147360
01.223539
01.342774
01.174623
01.334343
01.492260
01.193659
00.977245
01.167583
00.957319
01.168075
01.183604
00.960800
01.256656
00.987550
01.086796
01.000186
01.226815
00.885155
01.090150
01.042806
01.363532
00.927217
01.119146
01.176833
01.093851
01.063324
00.869870
01.226538
01.068350
01.025579
01.413216
01.135725
00.983966
01.194876
01.223282
01.358956
01.268158
01.231065
01.227805
01.051450
01.100216
00.999040
00.995836
01.217603
01.362439
01.163541
