00.128103
00.125828
00.117852
00.167796
00.133981
00.111882
00.114161
00.115473
00.086040
00.091577
00.128497
00.095208
00.091424
00.101719
00.137895
00.098907
00.120792
00.140852
00.239964
00.110360
00.091444
00.168377
00.091817
00.084443
00.083163
00.106373
00.098054
00.100708
00.097434
00.190949
00.087660
00.134720
00.095040
00.113849
00.134497
00.093153
00.101408
00.106158
00.087654
00.128401
00.088693
00.121600
00.121109
00.106722
00.196661
00.106680
00.091314
00.116568
00.103914
00.111880
00.120990
00.123524
00.108015
00.099956
00.095981
00.118290
00.138194
00.133065
00.112682
00.115702
00.133268
00.103279
00.087878
00.118739
00.064220
00.124579
00.087231
00.120126
00.106711
00.114633
00.110057
00.128524
00.095157
00.131466
00.092588
00.165751
00.126511
00.141705
00.123370
00.117689
00.136689
00.097942
00.065668
00.098250
00.116434
00.107845
00.087726
00.083857
00.101710
00.086656
00.116475
00.113370
00.068866
00.134137
00.071114
00.098894
00.092051
00.091188
00.135236
00.084840
