00.205945
00.194404
00.162057
00.235926
00.330848
00.286584
00.382005
00.215436
00.480808
00.224525
00.340180
00.202234
00.315366
00.222361
00.329084
00.319718
00.350610
00.229103
00.253828
00.174017
00.201181
00.219272
00.312505
00.364192
00.383437
00.227262
00.283877
00.330634
00.221787
00.188489
00.269854
00.287462
00.166275
00.296261
00.223227
00.261355
00.295841
00.237820
00.242561
00.316369
00.242284
00.266327
00.471013
00.213833
00.326527
00.195522
00.191655
00.274794
00.314678
00.288083
00.233749
00.299775
00.201738
00.266711
00.137082
00.153781
00.172369
00.188758
00.261636
00.245401
00.264548
00.279844
00.243415
00.310547
00.173353
00.258415
00.293453
00.386245
00.212519
00.273936
00.233407
00.199174
00.262978
00.199837
00.448183
00.460933
00.246050
00.189395
00.286652
00.226445
00.279735
00.193815
00.177300
00.326823
00.246729
00.121318
00.248102
00.313301
00.180903
00.167817
00.226503
00.230123
00.216371
00.284135
00.237073
00.390232
00.295835
00.220794
00.280377
00.286977
