01.681635
01.873229
01.934471
01.993946
01.756693
01.879913
02.116928
01.777818
02.234632
02.369928
02.129995
02.428347
02.104337
02.222780
01.890302
01.990230
02.166761
01.907669
02.230445
02.101920
01.943909
02.084217
02.198168
02.250202
01.913155
01.948146
02.025215
02.496639
02.196445
02.166742
02.024200
02.327402
02.213034
01.946985
01.980221
02.149756
02.540640
02.134220
01.887767
02.019459
01.856603
01.933088
02.394975
02.471145
02.379734
02.147484
02.424614
01.873886
02.523683
02.510036
02.039955
02.167885
01.774255
01.883645
02.409708
02.276622
02.200817
02.315569
02.407514
02.303394
02.291998
02.015169
02.497742
02.037229
01.925308
02.706934
02.219868
01.933499
02.434074
02.005675
01.719402
02.196862
02.194589
01.997118
01.973993
02.309689
02.246642
02.509378
01.893492
02.070684
02.586449
02.297311
01.737591
01.966537
02.496668
02.207532
02.180328
01.936710
02.283823
02.310071
01.922957
02.673486
02.078636
01.875517
01.981363
02.483057
02.221995
02.019725
01.919478
02.478075
