00.127765
00.193550
00.133448
00.155872
00.119661
00.091726
00.131005
00.111282
00.091347
00.157097
00.185075
00.081235
00.188513
00.201817
00.116745
00.213691
00.106811
00.073337
00.170749
00.104556
00.103698
00.149219
00.120344
00.119686
00.122784
00.160250
00.195203
00.131801
00.122609
00.110741
00.125931
00.087556
00.122225
00.254033
00.113273
00.239923
00.194031
00.152772
00.102539
00.186496
00.080479
00.107421
00.130624
00.094659
00.120295
00.065378
00.076845
00.119733
00.126716
00.123336
00.152491
00.087575
00.232525
00.087792
00.111664
00.131372
00.129106
00.149973
00.091860
00.101996
00.121213
00.136007
00.118729
00.099879
00.113566
00.136865
00.117485
00.102895
00.109550
00.117048
00.093143
00.122716
00.148763
00.197136
00.143254
00.172137
00.154486
00.113464
00.188138
00.076032
00.099556
00.150836
00.263386
00.111817
00.116561
00.069735
00.082219
00.075651
00.063848
00.089354
00.087088
00.156739
00.269863
00.195530
00.098695
00.115753
00.088179
00.156881
00.131736
00.107370
