00.131666
00.239414
00.187769
00.130009
00.182887
00.120633
00.124106
00.079004
00.126946
00.143573
00.136929
00.111027
00.128296
00.097615
00.109939
00.115022
00.084193
00.066916
00.120784
00.195341
00.150618
00.056130
00.143914
00.093323
00.103081
00.073033
00.138532
00.100264
00.094717
00.196111
00.163879
00.139259
00.136412
00.126857
00.137026
00.125436
00.154844
00.190895
00.157968
00.167064
00.146430
00.109408
00.191811
00.070552
00.065548
00.144755
00.151609
00.124840
00.169549
00.089934
00.077642
00.160137
00.092480
00.103950
00.135015
00.100160
00.313149
00.106154
00.091296
00.113904
00.092146
00.146852
00.122570
00.098228
00.098320
00.121230
00.144989
00.135080
00.110722
00.141927
00.079245
00.114281
00.105627
00.124790
00.274873
00.109112
00.276286
00.130583
00.110533
00.116800
00.104901
00.117537
00.115463
00.141638
00.116908
00.149323
00.241149
00.137308
00.151404
00.122905
00.147470
00.118724
00.104235
00.123438
00.122129
00.096875
00.110512
00.124821
00.097592
00.083224
