01.193103
01.017425
01.140968
01.459858
01.130523
01.045244
01.123555
01.207528
01.348527
01.380610
01.099223
01.050595
01.282717
01.414389
01.100248
01.204088
01.373647
01.081367
01.399880
01.134267
01.209784
01.181898
01.413525
01.302785
01.213778
00.979025
01.132716
00.995730
00.913227
01.324218
01.152064
01.303240
01.416447
01.108873
01.102349
01.387679
01.113780
01.302140
01.220359
01.123857
01.469722
01.302643
01.226771
01.599848
00.990437
01.546151
01.613704
01.747702
01.043309
01.150774
01.277730
01.440586
01.363789
01.276609
01.334569
01.598496
01.401388
01.372767
01.466299
01.293617
01.970718
01.581043
01.387040
01.264241
01.544353
01.066507
01.124316
01.219902
01.216399
01.402114
01.230957
01.200920
01.432048
01.413161
01.224806
01.630133
01.631666
01.421463
01.339871
01.201779
01.624406
01.284799
01.278218
01.470534
01.193396
01.009148
01.267954
01.127350
01.253488
01.373433
01.100304
01.277941
01.522800
01.403505
01.420091
01.239406
01.125243
01.234386
01.417395
01.016756
