00.092490
00.198574
00.104669
00.097736
00.089575
00.123804
00.117692
00.168070
00.102115
00.118373
00.110140
00.105379
00.147079
00.136964
00.140437
00.076748
00.072762
00.077985
00.292644
00.127252
00.123837
00.144643
00.140493
00.064440
00.142454
00.121776
00.119879
00.097456
00.070357
00.181632
00.104512
00.156871
00.145655
00.147244
00.134424
00.251496
00.120950
00.159417
00.142917
00.085759
00.136259
00.120932
00.120604
00.088011
00.067659
00.164200
00.169047
00.098457
00.216908
00.120834
00.136125
00.120312
00.157608
00.243897
00.063112
00.139364
00.166877
00.069077
00.082032
00.133770
00.080630
00.071765
00.193450
00.160099
00.169696
00.220527
00.130508
00.136370
00.071710
00.152958
00.150705
00.108577
00.100885
00.098131
00.266375
00.107697
00.147414
00.273029
00.106746
00.137223
00.121262
00.091405
00.106888
00.098008
00.073126
00.061094
00.121550
00.080059
00.199390
00.143063
00.198756
00.240686
00.097849
00.106964
00.120685
00.158044
00.130053
00.146699
00.172047
00.110339
