00.171994
00.269419
00.201631
00.200450
00.295383
00.236089
00.176962
00.219356
00.147045
00.188836
00.125101
00.106186
00.182618
00.171333
00.309823
00.395149
00.191080
00.354371
00.258310
00.208188
00.131140
00.176283
00.156588
00.175167
00.206935
00.254760
00.124864
00.205780
00.500525
00.180375
00.238746
00.192085
00.523556
00.188694
00.351297
00.436255
00.162332
00.225085
00.243597
00.199843
00.178483
00.163728
00.355211
00.292071
00.181556
00.302344
00.226786
00.219864
00.224459
00.376895
00.150137
00.321243
00.213217
00.358446
00.280280
00.193496
00.299216
00.134818
00.443965
00.315561
00.313715
00.185793
00.457416
00.277341
00.193450
00.215534
00.386257
00.191332
00.146467
00.370108
00.234853
00.203604
00.320131
00.225914
00.180716
00.226679
00.311677
00.354585
00.384173
00.314065
00.216146
00.342244
00.308824
00.202400
00.204544
00.175805
00.308667
00.316092
00.196955
00.211520
00.222382
00.219937
00.129980
00.263275
00.235667
00.213120
00.150997
00.133226
00.122915
00.183240
