02.599948
01.798929
01.956265
02.206817
02.362308
02.429880
02.343838
02.362961
01.978409
02.667598
02.637493
02.096624
02.337004
02.327652
03.100526
02.397947
02.323043
02.181551
02.737854
02.314009
01.992486
02.262456
02.700301
02.791524
02.585447
02.403135
02.517802
02.114581
02.397435
02.300718
01.840226
02.270596
02.628558
02.230314
02.323124
02.137149
02.094864
02.476992
02.246683
02.030190
02.522254
02.521348
03.182813
02.376985
02.793601
02.898036
02.426615
02.278026
02.510098
02.172859
02.154301
02.927019
02.494182
02.524932
02.006398
02.407612
02.418842
02.229054
02.523471
02.658627
02.881482
02.372188
02.824543
02.584665
02.899671
02.074258
02.390279
02.230320
02.304704
02.846219
03.034859
02.100874
02.150129
02.494975
02.397787
02.071036
02.281606
02.489749
02.606792
02.595110
02.468890
02.440145
02.297493
02.774851
02.287547
02.619668
02.654876
02.129759
02.582059
02.504775
02.500101
02.124517
02.184007
02.513567
02.729573
02.359416
02.260982
02.263357
02.467605
02.258102
