01.111730
00.445644
00.402035
00.442077
00.465856
00.442520
00.478000
00.516499
00.545091
00.460676
00.420650
00.488244
00.547186
00.545204
00.564708
00.463842
00.463906
00.476516
00.407896
00.415638
00.473622
00.328209
00.437345
00.417392
00.426593
00.451059
00.567405
00.525172
00.518703
00.449235
00.540795
00.498224
00.448503
00.548068
00.566366
00.490906
00.571374
00.649524
00.607861
00.468321
00.425567
00.355686
00.353721
00.505561
00.500494
00.506077
00.536047
00.593199
00.540031
00.432271
00.513146
00.576562
00.470700
00.603298
00.418797
00.409567
00.504401
00.512943
00.508745
00.586028
00.609677
00.571224
00.553219
00.432058
00.475913
00.465595
00.511645
00.551072
00.531886
00.535099
00.577172
00.579712
00.575149
00.651999
00.662472
00.633586
00.597410
00.599190
00.629999
00.608673
00.628898
00.614921
00.543200
00.418679
00.485778
00.563314
00.509390
00.539964
00.587667
00.552081
00.668926
00.601532
00.607768
00.535526
00.669447
00.704696
00.692747
00.573127
00.675526
00.666600
