00.493234
00.207709
00.228294
00.313845
00.226868
00.237952
00.217834
00.221375
00.278623
00.275573
00.264364
00.231145
00.262118
00.202430
00.279324
00.268177
00.314891
00.226984
00.217352
00.309197
00.192849
00.320167
00.270207
00.210916
00.314155
00.257820
00.184636
00.277663
00.348234
00.217536
00.300687
00.248405
00.281588
00.337843
00.239256
00.256173
00.283719
00.366478
00.318253
00.293489
00.290623
00.211733
00.213699
00.227202
00.224360
00.208636
00.257191
00.283280
00.285161
00.262651
00.232312
00.224785
00.251517
00.263339
00.250886
00.204092
00.325167
00.274647
00.237865
00.243138
00.179450
00.224583
00.329002
00.269895
00.311638
00.246588
00.304668
00.329672
00.343172
00.332815
00.277176
00.290318
00.210616
00.343765
00.253035
00.235634
00.294779
00.336436
00.295445
00.244639
00.338393
00.259261
00.254590
00.225713
00.225015
00.187156
00.204750
00.305027
00.245997
00.366794
00.312396
00.277248
00.297598
00.270185
00.277332
00.224852
00.271491
00.285963
00.260793
00.311093
