11.973227
01.971564
01.845222
01.667830
01.897609
01.720567
01.751980
01.892698
01.970053
01.739948
01.503513
01.613398
01.846616
01.659861
01.967128
01.798876
01.806311
02.060589
01.903996
01.993240
01.747866
02.043397
01.660150
01.615672
01.798302
01.776369
02.010106
01.903471
01.994693
01.820372
02.037251
02.007160
01.853121
01.865926
01.792864
01.846343
01.737262
02.266651
02.076369
02.062558
02.082549
01.643947
02.590111
01.975865
05.388033
10.166616
03.399233
03.729116
07.769864
06.386616
03.593916
24.945342
24.041798
25.133589
27.873686
22.856192
23.899342
24.612498
27.169956
25.193892
24.028933
26.389721
24.875179
26.251716
26.625778
25.391498
23.435814
22.197310
23.414471
25.771790
32.284619
25.435926
24.845907
27.142630
23.298294
25.306362
25.866625
28.535085
28.416935
22.927326
00.514131
00.571546
00.497766
00.502426
00.491335
00.602894
00.489920
00.589169
00.688133
00.581196
00.684398
00.505853
00.686215
00.601346
00.601567
00.581547
00.692268
00.489265
00.675698
00.594435
