00.473881
00.346473
00.210630
00.208332
00.226489
00.221012
00.219494
00.238316
00.221046
00.200845
00.270867
00.246047
00.249684
00.214196
00.201552
00.267609
00.326081
00.288310
00.242133
00.365926
00.308456
00.250710
00.254451
00.259549
00.270030
00.238110
00.245780
00.266185
00.211235
00.365389
00.294518
00.367979
00.291566
00.305501
00.264750
00.268215
00.282458
00.255055
00.286121
00.231117
00.221754
00.223079
00.182811
00.242279
00.264149
00.286939
00.250479
00.278337
00.270767
00.270455
00.264760
00.264743
00.304318
00.269546
00.234148
00.326541
00.241594
00.282524
00.265735
00.182108
00.347979
00.304861
00.236163
00.315714
00.273645
00.284503
00.336367
00.306630
00.290391
00.237857
00.246329
00.285507
00.221173
00.229408
00.263092
00.211180
00.239515
00.270091
00.268254
00.274988
00.227964
00.282314
00.268193
00.270007
00.241636
00.185978
00.311603
00.209808
00.241949
00.261422
00.279010
00.227766
00.365655
00.315392
00.294778
00.359644
00.313174
00.283085
00.281816
00.326203
