04.248399
00.751281
00.668857
00.736082
00.738497
00.818576
00.725327
01.000956
00.640476
00.745068
00.847797
00.714254
00.878906
00.695900
00.768660
00.701880
01.066298
00.886695
00.972220
00.953951
00.667005
00.808825
00.774590
00.597657
00.787324
00.836433
00.722904
00.814278
00.812836
00.791469
00.854282
00.825674
03.633215
00.777977
00.719392
00.937534
00.829067
00.849181
00.765353
00.698229
00.800024
00.586602
00.656826
00.797789
00.846289
01.209514
01.162821
00.816690
01.001589
00.919173
00.971529
02.477053
02.643019
01.515983
02.758765
03.115838
03.249438
03.295331
03.625738
03.287482
02.530513
02.838085
02.717873
03.060687
02.964907
03.423249
03.498461
03.470434
03.606882
03.541476
02.399959
02.643917
02.810650
02.979959
03.022073
03.270438
03.315502
03.408903
03.147185
02.716469
02.696822
02.769037
02.561674
02.736956
02.869782
02.742585
03.041744
03.075192
02.741154
02.681043
02.528923
02.640002
02.690383
02.857023
02.511035
02.355039
02.590372
02.533487
02.613837
02.863476
