03.377170
02.432760
02.579215
02.428234
02.580195
02.750053
02.737949
02.480562
03.064213
02.355998
02.818833
02.927437
02.638635
02.697618
02.930406
02.400036
03.302932
03.343905
02.590683
02.955936
02.879276
02.856857
02.811625
02.707265
02.880599
03.088114
02.829869
03.002685
02.887389
04.515040
07.401718
06.386255
09.563189
17.299559
04.209790
03.910805
08.298147
12.555257
09.565350
10.091157
51.290407
37.626313
51.955661
47.854312
52.430312
48.072264
51.207681
50.359941
52.450880
47.532358
49.664150
47.204771
46.259029
49.480252
51.699543
01.551491
01.181389
01.278525
01.189448
01.468853
01.199971
01.283924
01.271462
01.185963
01.294435
01.170900
01.097943
01.267274
01.094448
01.194685
01.172844
01.285618
01.282265
01.278968
01.280204
01.183264
01.092145
01.273868
01.184356
01.096443
01.283091
01.285636
01.269781
01.284335
01.199065
01.278128
01.177924
01.292511
01.372475
01.183374
01.185833
01.278209
01.196022
01.373385
01.279317
01.283533
01.180069
01.285799
01.176862
01.191716
