00.072811
00.116448
00.103685
00.148894
00.096549
00.103695
00.114328
00.080024
00.129210
00.066633
00.137405
00.072596
00.091827
00.147564
00.065584
00.179144
00.135335
00.125699
00.105287
00.092066
00.100271
00.165026
00.170776
00.090228
00.069078
00.096882
00.080826
00.088550
00.109931
00.116657
00.123134
00.106263
00.108927
00.233818
00.068089
00.166070
00.098183
00.132495
00.145101
00.094974
00.123519
00.069740
00.151029
00.116710
00.159158
00.082361
00.166340
00.100679
00.162979
00.093570
00.137760
00.066277
00.084638
00.130481
00.120706
00.127414
00.135036
00.131546
00.129829
00.167646
00.116237
00.149358
00.191307
00.091802
00.101469
00.105628
00.189135
00.088262
00.061188
00.168385
00.100165
00.125656
00.104506
00.079715
00.131880
00.078599
00.143836
00.134572
00.154478
00.085737
00.299849
00.194293
00.124303
00.147018
00.219362
00.230016
00.096713
00.097574
00.068553
00.070337
00.167177
00.266718
00.101429
00.069610
00.128274
00.143200
00.109893
00.107376
00.099093
00.178545
