00.091183
00.090829
00.076683
00.140625
00.052457
00.074478
00.090654
00.081978
00.115412
00.070080
00.063380
00.109355
00.099789
00.105477
00.072294
00.096364
00.106744
00.137551
00.089680
00.053401
00.051169
00.081638
00.132198
00.094009
00.151572
00.101559
00.086966
00.124099
00.058252
00.073706
00.133983
00.120956
00.091372
00.068671
00.110161
00.073431
00.082087
00.083720
00.079982
00.065168
00.158370
00.075755
00.079880
00.088272
00.093836
00.143436
00.067389
00.094060
00.090356
00.103721
00.091814
00.062073
00.106886
00.067638
00.053074
00.133830
00.069193
00.078586
00.150040
00.121899
00.092976
00.120175
00.117140
00.089514
00.110220
00.071931
00.059388
00.080686
00.067915
00.120404
00.095492
00.157103
00.123538
00.100711
00.117611
00.097219
00.088510
00.077210
00.078019
00.132409
00.130113
00.109648
00.111168
00.280972
00.100606
00.123524
00.121087
00.087235
00.090750
00.156246
00.083254
00.136677
00.045096
00.069624
00.060128
00.088724
00.060770
00.160703
00.085853
00.096444
