01.287125
01.123745
00.856304
01.241072
01.262326
01.106261
00.943527
01.187208
00.936906
00.981034
01.147072
01.297503
00.997211
01.185671
01.140215
00.986582
01.020080
01.216798
01.388047
00.874887
01.399885
01.068231
01.065024
01.192532
01.364280
01.539825
01.090834
01.140976
01.011013
01.294611
01.236848
01.377370
01.205570
01.220137
01.219884
01.461224
01.116762
01.126566
01.076602
01.177827
00.949198
01.188800
01.311779
01.127590
01.351643
01.100586
01.217308
01.356858
01.291065
01.198261
01.193751
01.431966
01.313977
01.333657
01.333857
01.392058
01.398221
01.202061
01.181241
01.402638
01.327088
01.490612
00.949539
01.208066
01.194586
01.490070
00.945622
01.402147
01.366631
01.282628
01.016765
00.921931
01.430298
01.329234
00.838556
01.203596
01.148775
01.047319
01.026350
01.261513
01.007773
00.908358
01.374080
01.480307
01.084756
01.126848
01.214922
00.906784
01.176785
01.034156
01.212372
01.310805
01.171057
01.298108
00.919119
01.367390
01.016671
01.047503
01.290332
01.211177
