00.046709
00.061294
00.080872
00.069088
00.058819
00.084454
00.084893
00.094247
00.071485
00.097266
00.132883
00.072549
00.065178
00.105001
00.053196
00.163982
00.074107
00.099906
00.083667
00.063541
00.062190
00.055103
00.160288
00.068366
00.085172
00.075287
00.057180
00.062896
00.087979
00.072480
00.072223
00.065419
00.072402
00.073457
00.110702
00.109826
00.079936
00.090492
00.102930
00.062504
00.064526
00.053166
00.114320
00.087132
00.117234
00.120233
00.064000
00.135473
00.070521
00.098101
00.098236
00.064817
00.096716
00.100213
00.090667
00.092279
00.116697
00.133862
00.082528
00.090473
00.100541
00.110121
00.083869
00.061151
00.094719
00.068014
00.096670
00.069534
00.063282
00.071860
00.043263
00.052526
00.101029
00.098828
00.060881
00.067889
00.056368
00.104649
00.083261
00.085067
00.073616
00.094323
00.120637
00.053193
00.132579
00.240596
00.054306
00.083729
00.093333
00.090017
00.082242
00.127391
00.052348
00.100457
00.099421
00.126811
00.056498
00.180431
00.083364
00.071904
