00.164088
00.263715
00.178615
00.207742
00.116910
00.123639
00.374258
00.112904
00.107965
00.254502
00.326562
00.277489
00.177038
00.254065
00.254033
00.282158
00.259109
00.121953
00.289019
00.324742
00.122677
00.154069
00.256505
00.158085
00.182920
00.113077
00.278207
00.130701
00.207366
00.266868
00.170433
00.142610
00.176206
00.168303
00.217929
00.307188
00.180888
00.069862
00.107669
00.238236
00.144884
00.209833
00.327246
00.400351
00.257751
00.274757
00.257812
00.206304
00.296855
00.337440
00.171072
00.350763
00.432297
00.137719
00.388157
00.107514
00.251045
00.276057
00.276780
00.213712
00.186977
00.116798
00.251511
00.280941
00.173835
00.202554
00.156627
00.116391
00.134263
00.220966
00.170026
00.187485
00.168754
00.139719
00.171473
00.228858
00.162457
00.390260
00.183391
00.257785
00.164034
00.190469
00.153812
00.177121
00.151109
00.186787
00.320324
00.150927
00.199392
00.214322
00.254030
00.183121
00.396868
00.150893
00.288562
00.208289
00.278369
00.110244
00.277438
00.215254
