02.305089
01.727241
02.193349
01.883656
02.109077
02.201395
02.305684
02.401438
02.384828
02.038324
02.560188
02.595696
02.577595
02.550698
01.943362
02.478211
02.114544
02.206308
02.207553
02.407046
02.305639
02.106786
02.004678
01.927806
02.180710
02.191715
02.093065
02.192592
02.413462
02.684140
02.717300
02.444449
02.512145
02.656002
02.787014
03.063421
02.496532
02.353666
02.223162
02.981557
02.303307
02.594434
02.713506
02.606298
02.014946
02.090961
02.350121
01.999921
02.023472
02.711117
02.760383
02.249609
02.288113
02.119690
01.990249
02.503281
02.898552
02.323197
03.017019
02.500949
02.478878
02.288745
02.448923
02.300777
02.579496
02.660910
02.821314
02.361378
02.290858
01.844522
02.345063
02.297484
01.894114
02.168949
02.097298
02.864124
02.145264
02.144851
02.272320
02.535705
02.389885
02.716755
02.342345
02.499683
02.826041
02.206096
02.467006
02.198152
02.364129
02.112411
02.261008
02.237795
01.871880
02.249083
02.612482
02.111474
02.127029
02.206583
02.696431
02.195616
