01.093548
00.910237
00.587973
00.506724
00.570664
00.412222
00.401647
00.445142
00.474767
00.506322
00.415956
00.388439
00.436430
00.483375
00.445798
00.509727
00.459065
00.469010
00.495559
00.585757
00.493044
00.566484
00.491243
00.527824
00.332099
00.426255
00.431833
00.577807
00.432986
00.502643
00.542759
00.513386
00.488727
00.598674
00.601956
00.565523
00.618671
00.679983
00.676174
00.575149
00.663731
00.653067
00.676880
00.762729
00.570188
00.695572
00.757890
00.775942
00.794844
00.711933
00.681499
00.500820
00.461384
00.598425
00.627231
00.543158
00.675816
00.527693
00.582757
00.736413
00.670729
00.673490
00.507099
00.619521
00.517625
00.536036
00.566723
00.540669
00.531826
00.578769
00.495938
00.513006
00.486934
00.516785
00.523158
00.587047
00.532547
00.547749
00.586263
00.514440
00.573859
00.662815
00.696987
00.605559
00.602823
00.706731
00.626576
00.556137
00.829390
00.809693
00.656593
00.613422
00.684765
00.707092
00.576049
00.593370
00.550036
00.696698
00.658619
00.589689
