00.287197
00.648316
00.432467
00.196716
00.219656
00.309594
00.302508
00.264138
00.319030
00.298626
00.221520
00.310312
00.331313
00.399944
00.233850
00.210166
00.284635
00.299975
00.321831
00.306284
00.286457
00.366085
00.356503
00.243877
00.259662
00.282998
00.307609
00.323763
00.244829
00.271998
00.227786
00.222462
00.336269
00.290047
00.271808
00.269026
00.304430
00.223594
00.293462
00.265802
00.273900
00.251133
00.309609
00.237713
00.265664
00.338900
00.278715
00.376052
00.375492
00.275534
00.227149
00.251759
00.324930
00.326038
00.282623
00.345952
00.248576
00.278423
00.264550
00.283873
00.257823
00.257300
00.233525
00.281883
00.211407
00.276963
00.261576
00.268882
00.259950
00.259520
00.319488
00.327216
00.308783
00.247329
00.220123
00.196129
00.334975
00.332227
00.281165
00.293931
00.266389
00.316530
00.265239
00.418341
00.295570
00.331177
00.281376
00.286015
00.334201
00.351769
00.332544
00.322743
00.224547
00.223396
00.351424
00.291217
00.250994
00.251827
00.257239
00.251131
