09.953339
01.510438
01.873865
01.477434
01.639977
01.761528
01.884564
01.697594
01.796987
01.922117
02.001301
01.734103
01.980196
01.682019
01.971540
01.996857
01.850718
01.987120
02.156407
02.101802
24.599406
24.884279
23.119085
27.620025
13.297255
27.148766
26.373735
25.335317
25.313267
06.600742
01.686375
02.097964
01.820741
01.672529
01.756983
01.706834
01.954446
01.897562
01.870168
01.877148
01.855040
02.038185
02.115402
02.073684
02.192913
02.053872
01.786636
01.672041
01.769977
01.695771
01.913741
01.590659
01.864183
01.896484
01.795065
01.925600
01.861282
02.110247
01.730205
01.707036
01.806085
01.725862
01.806971
01.768325
02.079472
01.903437
01.917839
02.048347
02.099415
02.132072
02.266743
01.878305
01.503589
01.795909
02.006922
01.718962
02.089939
01.903084
01.810300
01.900546
01.769364
01.967531
01.759394
01.893937
01.836660
01.963565
01.992896
02.074075
01.799622
01.624104
01.769773
01.584390
01.599967
01.825687
01.779564
01.916048
01.814447
01.738045
02.109806
02.063631
