00.317039
00.731024
00.252413
00.211212
00.264275
00.394744
00.204672
00.356206
00.170639
00.209419
00.308255
00.281439
00.184984
00.252333
00.228681
00.200670
00.201354
00.268920
00.237447
00.325650
00.283605
00.241835
00.264888
00.316030
00.251619
00.268248
00.271438
00.290859
00.276260
00.263672
00.288941
00.314534
00.289500
00.315980
00.319822
00.294737
00.276033
00.337525
00.226555
00.321194
00.276390
00.356696
00.269263
00.352916
00.300721
00.277057
00.312673
00.361964
00.301548
00.297170
00.240848
00.267070
00.334103
00.340554
00.312869
00.278830
00.345393
00.338831
00.304208
00.283662
01.140542
00.191322
00.266601
00.305179
00.193160
00.328297
00.271678
00.230533
00.227944
00.292234
00.203414
00.248439
00.270035
00.245616
00.267639
00.367921
00.264151
00.280183
00.193384
00.287225
00.245923
00.344124
00.256597
00.333998
00.356681
00.304799
00.268427
00.260276
00.221271
00.251872
00.169034
00.274685
00.322226
00.255671
00.258115
00.361456
00.321166
00.309620
00.261414
00.217358
