02.187857
03.603246
02.595218
02.680574
00.848391
00.821376
00.818588
00.944991
01.039846
00.824411
00.894520
00.937355
00.916558
01.123173
01.175958
01.786003
02.569542
02.614173
02.700048
02.908330
03.221100
02.594664
02.635466
02.702003
02.959071
02.325548
02.528409
02.573355
02.686302
02.873347
02.972952
02.302525
02.533538
02.532687
02.493163
02.702450
02.833782
02.728859
02.906718
02.945531
02.590740
02.647826
02.620095
03.007059
02.999927
03.205413
03.258236
03.500101
03.272954
02.675460
02.876374
02.590798
02.332702
02.419620
02.679107
02.865824
02.695660
02.333033
02.647866
02.775431
02.726196
02.851517
02.934078
02.708989
02.861586
02.409672
02.409894
02.682106
02.599997
02.744193
02.590431
02.407241
02.748206
02.756585
02.576413
02.401919
02.601450
02.686363
02.900140
03.303743
02.701144
02.870019
02.652276
01.931498
02.172860
02.280649
02.508652
02.907358
02.912756
02.583978
02.701685
02.886359
02.768573
03.063970
02.455487
02.710617
02.690306
02.683274
03.010819
01.980033
