12.870423
02.930468
02.908206
02.796773
03.188764
02.769568
03.162395
03.298348
03.528902
03.196169
02.820991
03.076698
02.756747
02.894743
03.287541
02.971122
03.271988
02.575776
02.935880
03.063626
02.921489
03.078638
02.838535
02.886197
02.876323
03.171306
03.150543
03.128584
03.023368
03.250295
03.494479
03.383867
41.263654
55.563988
55.402081
46.927015
52.045436
47.643484
47.943017
48.039483
45.513271
47.077581
46.486415
48.265074
48.472859
45.706788
00.358350
48.165826
27.872222
01.133011
01.169033
01.271241
01.096596
01.190018
01.189904
01.268889
01.190795
01.185198
01.287507
01.270911
01.192494
01.283947
01.190096
01.197128
01.085493
01.184203
01.177904
01.197015
01.081525
01.179587
01.281438
01.290207
01.286076
01.285461
01.088725
01.169285
01.191810
01.273319
01.195012
01.186992
01.187211
01.195839
01.290242
01.186888
01.187872
01.182326
01.193068
01.283663
01.285137
01.186664
01.096447
01.281426
01.095472
01.187567
01.169294
01.195680
01.199042
01.080963
01.274324
01.190522
