00.337285
00.157749
00.150147
00.131942
00.191538
00.126331
00.236451
00.239449
00.140245
00.144550
00.129445
00.321820
00.188118
00.167720
00.253226
00.086817
00.186036
00.189831
00.136971
00.139840
00.245137
00.190215
00.178300
00.150065
00.236431
00.150073
00.233264
00.170654
00.152391
00.170770
00.185635
00.253723
00.179423
00.249485
00.146728
00.189288
00.137995
00.140037
00.143037
00.147578
00.150117
00.157780
00.236584
00.184154
00.145818
00.192904
00.154022
00.197827
00.220613
00.148361
00.173157
00.155388
00.144950
00.180056
00.151241
00.127443
00.196642
00.179671
00.154988
00.143288
00.286847
00.135785
00.178543
00.175268
00.198003
00.193551
00.146950
00.238414
00.152585
00.206552
00.146954
00.209594
00.288799
00.137369
00.130386
00.338899
00.231357
00.176072
00.159565
00.150337
00.151205
00.234275
00.189793
00.167723
00.122056
00.156188
00.149766
00.162488
00.241205
00.165695
00.234311
00.220775
00.199896
00.148250
00.216693
00.273671
00.189539
00.117403
00.165026
00.193042
