00.136417
00.179999
00.128339
00.124890
00.170317
00.112031
00.174613
00.171611
00.162549
00.148620
00.123454
00.104998
00.137333
00.151153
00.084718
00.122389
00.142104
00.103067
00.106756
00.117744
00.159362
00.130115
00.216906
00.099852
00.135979
00.083842
00.125136
00.117707
00.202246
00.203825
00.128126
00.083356
00.122503
00.219801
00.151164
00.111587
00.184701
00.151918
00.148671
00.113268
00.124528
00.111961
00.160750
00.082784
00.174367
00.162977
00.151314
00.133068
00.147890
00.152225
00.121115
00.108413
00.161013
00.200067
00.147860
00.183420
00.129891
00.151162
00.144437
00.125153
00.179123
00.099172
00.192071
00.160438
00.145074
00.098399
00.319844
00.107757
00.140024
00.136584
00.142928
00.170048
00.116753
00.174862
00.129354
00.174611
00.161323
00.120698
00.115756
00.140860
00.171585
00.132839
00.109152
00.127875
00.135745
00.137560
00.107957
00.262726
00.148580
00.229744
00.168581
00.204199
00.111589
00.133405
00.126599
00.163156
00.213773
00.213872
00.101343
00.103896
