01.303150
00.977809
01.083762
01.074771
01.114064
00.986922
00.940311
01.163180
01.167717
01.291356
00.962441
00.960443
01.043507
01.024205
01.356310
01.079854
01.247265
01.125381
01.178905
00.921424
01.283574
01.160634
01.066804
01.051748
01.293309
01.173146
01.163542
01.100405
01.277265
01.466854
01.103751
01.147072
01.041799
01.402921
01.470135
01.095801
01.192977
01.161105
01.301180
01.295708
01.080361
01.182575
01.170939
01.531484
01.091412
00.875899
01.274263
01.133519
01.053689
01.061093
01.177713
01.276675
00.924832
01.199568
00.945263
01.123294
01.184338
00.977374
01.153663
01.237423
01.326387
01.023564
01.211283
01.253179
00.960889
01.259947
01.008240
01.354864
01.019030
01.266417
01.390224
01.206883
01.392950
01.063287
01.055804
01.418612
01.019904
01.110480
01.299976
01.383120
01.053771
01.138213
01.164214
01.114475
01.254986
01.287153
01.190886
01.386902
01.328886
00.943572
01.189533
01.233943
01.204648
01.206948
01.114575
01.301499
01.244727
01.243880
01.351675
01.111364
