00.109424
00.115561
00.169412
00.109437
00.094882
00.141213
00.120612
00.144527
00.127828
00.156273
00.127421
00.104573
00.122779
00.146764
00.138274
00.106565
00.142507
00.114320
00.157920
00.199174
00.161637
00.180609
00.140956
00.175574
00.203929
00.143068
00.149658
00.144208
00.136903
00.111873
00.111193
00.166626
00.161997
00.113635
00.122250
00.178250
00.154989
00.190005
00.150527
00.112696
00.126346
00.159503
00.165555
00.196352
00.115482
00.145000
00.127015
00.128008
00.119969
00.115719
00.285797
00.247747
00.108375
00.154170
00.176313
00.130088
00.192693
00.223049
00.077780
00.196835
00.137763
00.146832
00.131235
00.096274
00.176584
00.108357
00.140129
00.087738
00.115842
00.092472
00.263793
00.126096
00.143182
00.116205
00.196705
00.121280
00.232910
00.104169
00.277190
00.139827
00.107478
00.172487
00.125418
00.121359
00.243085
00.111184
00.127945
00.117748
00.114590
00.170403
00.139543
00.106036
00.168668
00.117325
00.118501
00.133242
00.082743
00.111762
00.183746
00.195099
