00.303334
00.307590
00.235194
00.322993
00.274417
00.289921
00.316551
00.275759
00.214126
00.231388
00.271537
00.291141
00.325466
00.216898
00.270435
00.189104
00.375389
00.196143
00.186242
00.323341
00.384947
00.204292
00.211084
00.329753
00.262278
00.177180
00.241960
00.271454
00.200335
00.189127
00.299169
00.306545
00.288254
00.371894
00.231277
00.234781
00.199626
00.273330
00.380049
00.264505
00.283372
00.207277
00.283684
00.309483
00.374782
00.163257
00.295540
00.395226
00.283331
00.256837
00.169394
00.203205
00.196941
00.292735
00.261187
00.209918
00.438282
00.275771
00.207408
00.233408
00.279766
00.376566
00.206255
00.276828
00.282883
00.274443
00.300450
00.241193
00.249280
00.314489
00.247214
00.365899
00.469767
00.353307
00.310240
00.262135
00.258067
00.287351
00.443362
00.164648
00.293871
00.312582
00.358767
00.280202
00.224176
00.241379
00.228032
00.186694
00.195317
00.304100
00.246954
00.173069
00.226297
00.229623
00.330267
00.229509
00.306363
00.182293
00.313629
00.300889
