02.342168
02.013252
02.363309
01.720018
02.110135
02.109369
01.773928
02.341877
02.341667
02.006842
02.230250
02.594181
02.223093
02.269065
02.151798
02.230249
02.110858
01.757924
02.229643
01.978334
02.395219
01.998737
02.180256
01.926520
02.040356
02.056376
02.076614
02.095454
02.506443
01.883511
02.686918
02.197495
02.130188
02.436946
02.419899
02.261183
02.407716
02.312328
01.867861
02.593839
02.094109
02.393176
02.317284
02.401386
02.173753
01.996322
02.759931
02.239165
02.392731
02.226861
02.328347
02.435189
02.112308
02.493622
02.504992
02.433467
02.100566
02.007111
02.517729
02.117574
02.301300
02.340034
02.162760
02.200413
01.971969
02.584879
01.770255
02.602482
02.186967
02.234423
02.580469
02.160689
01.873247
02.283682
02.387727
02.113652
02.140685
02.417037
02.366955
02.506465
02.593684
01.980505
02.651266
02.118026
02.383520
02.156449
02.526578
02.265217
03.093638
02.344236
01.981771
02.436227
02.317171
01.839966
01.870848
02.284008
02.150591
02.676839
02.606011
02.406845
