02.139646
01.629885
01.870213
01.796865
02.257712
02.070688
01.902646
01.970260
01.886111
02.379883
02.284712
02.380122
02.093807
02.116411
02.214788
02.314362
02.334493
02.120196
02.099918
02.264178
02.493809
01.918857
02.006692
02.060371
02.309888
02.229538
02.237751
01.823617
02.001436
02.198480
02.273570
02.617158
01.654951
02.232820
02.331303
02.396862
02.437840
02.081685
02.301109
02.317810
01.964839
02.729945
02.670326
02.343261
02.560739
02.160355
02.421913
02.517305
02.442942
02.717159
02.193930
02.587205
02.036880
02.076621
02.374501
02.356447
02.177721
02.020233
02.270466
02.505209
02.363802
02.462704
01.699788
02.325366
02.276739
02.130228
01.939886
01.930468
02.293519
02.033116
02.184556
02.783201
02.226721
02.014148
02.110492
02.509944
02.009787
02.414519
02.011125
02.233483
02.016797
02.776811
02.286627
01.969426
02.170807
02.667757
02.026711
02.580989
02.130172
02.439103
02.424427
02.270716
02.197144
02.386791
02.105997
02.428744
02.573639
02.567734
02.308719
02.532874
