04.945430
00.403941
00.315135
00.449253
00.452988
00.276124
00.345019
00.322673
00.342422
00.456496
00.465957
00.417746
00.439791
00.671829
00.402491
00.452014
00.508178
00.610133
00.533362
00.496336
00.491540
00.536202
00.330654
00.330131
00.409303
00.307053
00.402516
00.372767
00.343336
00.383624
00.390391
00.591156
00.395850
00.481458
00.594487
00.463598
00.473860
00.452168
00.451813
00.503951
00.572882
00.584991
00.667409
00.583370
00.604161
00.699035
00.784559
00.685480
00.663461
00.762858
00.752965
00.717027
00.789873
00.681572
00.748987
00.688821
00.560940
00.560495
00.479693
00.516202
00.483136
00.558615
00.493423
00.551274
00.555882
00.561985
00.670602
00.571003
00.546079
00.576986
00.598303
00.569279
00.599651
00.655817
00.654775
00.654160
00.564974
00.418835
00.519994
00.465381
00.600879
00.518295
00.596644
00.470209
00.480559
00.491177
00.411309
00.669867
00.543114
00.569800
00.627221
00.688433
00.634600
00.638168
00.652441
00.625125
00.681029
00.665317
00.619361
00.639960
