00.140792
00.168700
00.098537
00.122598
00.124527
00.120928
00.109107
00.146185
00.144465
00.096070
00.120025
00.119422
00.117304
00.137463
00.101447
00.117346
00.101924
00.176384
00.098651
00.110491
00.145428
00.143804
00.131480
00.116563
00.245658
00.226563
00.133628
00.116189
00.130598
00.113958
00.137028
00.114394
00.168689
00.156511
00.159889
00.130614
00.150373
00.203849
00.178947
00.130985
00.167034
00.118228
00.184124
00.143820
00.127083
00.182461
00.104667
00.120660
00.131366
00.117558
00.163705
00.143668
00.143009
00.131427
00.198396
00.127169
00.193175
00.101141
00.143797
00.124165
00.269310
00.039183
00.036948
00.036866
00.033062
00.037661
00.036521
00.037725
00.036821
00.034400
00.038823
00.035593
00.034929
00.034950
00.034808
00.041181
00.032450
00.034585
00.036082
00.040044
00.035579
00.038496
00.037009
00.039701
00.036677
00.035299
00.039011
00.035359
00.042578
00.031742
00.033660
00.036956
00.038004
00.037990
00.040798
00.033461
00.032481
00.038642
00.035902
00.038530
