10.626413
26.666059
28.116324
25.206789
22.756238
27.150983
23.658839
27.079013
28.502148
23.803336
23.663965
21.139161
24.014800
22.498268
25.461475
24.529358
24.199048
26.616904
23.906136
25.609155
20.970949
26.669564
24.324433
24.527396
26.729086
23.516288
28.351534
25.453145
24.753336
24.476061
23.113919
23.078264
25.109188
26.745713
22.883584
23.323263
26.673240
25.229763
05.974285
00.430591
00.603851
00.604578
00.586843
00.682688
00.702590
00.585772
00.590233
00.584005
00.676465
00.501273
00.698364
00.588855
00.674341
00.598580
00.585565
00.589745
00.600648
00.671761
00.606001
00.777503
00.592452
00.588196
00.490303
00.581779
00.590204
00.501173
00.584430
00.596721
00.592932
00.677216
00.594954
00.600616
00.573481
00.590213
00.495216
00.583080
00.675166
00.597050
00.574737
00.688153
00.592213
00.589912
00.592153
00.580565
00.589339
00.587878
00.587643
00.572978
00.596572
00.675425
00.585221
00.597455
00.573619
00.603529
00.587650
00.691326
00.687692
00.496735
00.595525
00.576697
