00.657452
00.505192
00.235986
00.193037
00.200223
00.288015
00.197668
00.218090
00.211007
00.277272
00.221049
00.199922
00.195330
00.172966
00.198439
00.236987
00.188028
00.271094
00.254686
00.184552
00.269653
00.266937
00.278748
00.266609
00.267467
00.236808
00.212430
00.317567
00.243449
00.259965
00.295027
00.294814
00.239666
00.278055
00.240202
00.304674
00.271842
00.281057
00.251295
00.314437
00.250964
00.197732
00.378744
00.317662
00.246097
00.293564
00.291242
00.236021
00.290505
00.315527
00.259551
00.296256
00.274682
00.278700
00.258896
00.279712
00.275802
00.230913
00.237007
00.271615
00.189583
00.306523
00.260507
00.204772
00.214564
00.230461
00.221214
00.316397
00.258517
00.291464
00.291423
00.288127
00.269952
00.240170
00.214141
00.240840
00.201334
00.345909
00.234825
00.246571
00.207443
00.247126
00.175089
00.343816
00.283263
00.342861
00.267402
00.254139
00.299556
00.354180
00.353407
00.234289
00.274941
00.301418
00.327130
00.350657
00.274333
00.226379
00.303365
00.240212
