01.271483
03.580019
02.517541
02.582906
02.613577
02.835925
03.092465
03.202598
02.145587
00.520086
00.595032
00.631192
00.586179
00.666287
00.757376
00.699363
00.874359
00.696639
00.770240
00.709268
00.806311
00.935996
00.794257
00.895373
00.842294
00.988321
00.891833
00.819050
00.927914
00.845312
01.043161
00.892545
01.040513
00.743361
00.803089
00.967687
01.002852
00.870077
01.528189
01.077284
01.117148
01.776736
01.246067
00.611711
00.731337
00.776443
00.800162
00.947496
00.963397
01.153588
03.016031
03.142188
03.406881
03.027146
01.745471
00.711664
00.719884
00.834587
00.816132
00.791118
00.713188
00.724736
00.769140
00.805733
00.860019
00.917517
00.850755
00.826773
00.969727
00.858401
00.861600
00.892258
01.073214
01.191654
00.881015
00.959622
01.100047
00.924375
02.302819
02.646774
02.717353
02.474103
02.490232
01.009346
00.969367
01.949936
03.004117
03.198698
01.613547
03.415185
03.730315
03.691675
03.816149
04.021436
04.169880
04.292182
04.173050
02.838064
02.483101
02.703835
