03.520815
01.791078
07.102607
01.602943
01.600500
02.526318
02.574410
02.304594
02.145179
01.827560
11.503835
02.627543
03.180050
02.504690
17.453684
03.092439
02.589339
03.616747
01.649266
00.998438
00.984071
01.091591
01.284019
01.184343
01.197323
01.083833
01.198060
00.990621
01.178452
01.197485
00.990779
01.187185
01.187114
01.186399
01.193250
01.091759
01.079731
01.197524
01.095045
01.195832
01.292644
01.092082
01.283344
01.100497
01.088795
01.103620
01.277573
01.092907
01.191357
01.283181
01.188453
01.194777
01.093666
01.186405
01.190729
01.187120
01.182090
00.994797
01.093784
01.177998
01.196510
01.091303
01.081955
01.194136
01.181482
01.086839
01.104413
01.197569
01.084296
01.089227
01.091968
01.186405
01.192405
01.187664
01.184626
01.095575
01.188496
00.989669
00.992013
01.102000
01.186891
01.089710
01.091696
01.289571
01.186705
01.189826
01.179188
01.190948
01.288593
01.093321
01.087503
01.083251
01.094641
01.098483
01.184267
01.091743
01.181845
01.095797
01.292928
01.196723
