00.046701
00.049425
00.056206
00.054508
00.045283
00.050591
00.050505
00.050740
00.048115
00.045900
00.045701
00.050001
00.046412
00.048581
00.053230
00.047014
00.046547
00.045084
00.047192
00.051003
00.047582
00.047658
00.049796
00.049769
00.052820
00.051063
00.051156
00.049077
00.050059
00.050713
00.050495
00.049267
00.050682
00.046647
00.049152
00.044759
00.049487
00.048285
00.049034
00.050482
00.045865
00.054810
00.053930
00.050518
00.051538
00.048728
00.050533
00.052192
00.047724
00.055727
00.048237
00.045796
00.046063
00.050625
00.051400
00.048982
00.054235
00.042019
00.053689
00.046410
00.048708
00.049278
00.054237
00.049567
00.048226
00.047324
00.048254
00.048289
00.049361
00.044300
00.056028
00.050729
00.049082
00.049529
00.047284
00.046899
00.046809
00.045567
00.045902
00.051337
00.046095
00.044301
00.046966
00.047866
00.047225
00.051079
00.049332
00.047227
00.049023
00.052298
00.045662
00.050230
00.049864
00.052561
00.049728
00.043384
00.046338
00.054636
00.047709
00.047723
