00.671978
00.682861
00.696800
00.684292
00.590779
00.598630
00.575729
00.597682
00.585031
00.590954
00.590218
00.590268
00.588582
00.588959
00.582086
00.583200
00.677833
00.598056
00.588257
00.600308
00.680674
00.594909
00.582476
00.678823
00.590650
00.578928
00.596403
00.682475
00.687465
00.680286
00.593705
00.690815
00.671018
00.598730
00.593049
00.601549
00.576266
00.492529
00.582197
00.591907
00.593333
00.679465
00.589560
00.674471
00.596368
00.593376
00.677189
00.586833
00.592896
00.686300
00.594439
00.588040
00.587392
00.675944
00.604077
00.677664
00.787492
00.677143
00.602586
00.587501
00.601970
00.684666
00.694999
00.694114
00.674838
00.600909
00.696810
00.586960
00.592705
00.688744
00.587415
00.590255
00.580266
00.589773
00.692847
00.589771
00.578455
00.680913
00.687596
00.594911
00.586659
00.680977
00.591224
00.587847
00.591951
00.601112
00.675235
00.588208
00.583322
00.595288
00.690470
00.501160
00.598236
00.593553
00.698242
00.676104
00.594444
00.586250
00.674983
00.693594
