00.053985
00.051058
00.047160
00.046379
00.046364
00.047833
00.048125
00.050223
00.047990
00.049733
00.047882
00.051267
00.045929
00.053583
00.047964
00.047521
00.048411
00.047688
00.047577
00.046312
00.054209
00.052274
00.047262
00.049427
00.048021
00.048323
00.050955
00.050814
00.048409
00.047527
00.048258
00.054708
00.051885
00.046045
00.052541
00.050074
00.046171
00.046659
00.054515
00.051385
00.046528
00.052955
00.052694
00.050073
00.046260
00.045458
00.046617
00.048323
00.047664
00.047796
00.049068
00.049673
00.043053
00.049873
00.052305
00.048391
00.054341
00.048120
00.051075
00.047367
00.050137
00.050626
00.053210
00.049421
00.045232
00.049445
00.047177
00.052041
00.046916
00.049114
00.053637
00.054192
00.047248
00.051503
00.047678
00.045441
00.046372
00.049504
00.051819
00.050637
00.043932
00.055071
00.056992
00.050704
00.051645
00.045795
00.053746
00.045048
00.047128
00.050534
00.051498
00.044869
00.047887
00.043464
00.048392
00.047962
00.050989
00.048374
00.052498
00.052531
