01.278074
01.295903
01.184447
01.273915
01.290578
01.273481
01.297392
01.291699
01.189558
01.180039
01.189176
01.278911
01.286067
01.179258
01.295522
01.297090
01.182600
01.288441
01.273182
01.196792
01.179122
01.383214
01.276745
01.282077
01.191792
01.190483
01.279658
01.274791
01.286164
01.278946
01.381201
01.296168
01.280795
01.188073
01.179700
01.182075
01.288366
01.190079
01.181201
01.379781
01.173459
01.197716
01.183444
01.283322
01.269303
01.191055
01.293290
01.267402
01.293066
01.283236
01.196195
01.272655
01.282872
01.190444
01.191315
01.298025
01.281362
01.177263
01.194619
01.281931
01.193196
01.272479
01.194203
01.281580
01.177493
01.181239
01.101079
01.288492
01.186108
01.284644
01.189525
01.277147
01.290347
01.283890
01.091862
01.293743
01.187591
01.289331
01.284990
01.273422
01.294423
01.183113
01.184721
01.273293
01.196068
01.294152
01.186489
01.274145
01.287690
01.292692
01.187483
01.287027
01.291400
01.194654
01.382766
01.090729
01.273077
01.279925
01.186625
01.290364
