00.062942
00.076190
00.075513
00.078727
00.072171
00.079428
00.065693
00.080625
00.070508
00.070023
00.070003
00.080256
00.068174
00.075109
00.073339
00.074925
00.080654
00.076639
00.066920
00.074831
00.079183
00.075853
00.076825
00.066620
00.076011
00.073673
00.071831
00.068283
00.067869
00.078268
00.079232
00.075990
00.068081
00.074424
00.075010
00.077481
00.068619
00.072693
00.075735
00.072997
00.074730
00.076952
00.065475
00.080628
00.074594
00.074117
00.072875
00.078036
00.066251
00.080216
00.068016
00.077631
00.071721
00.081642
00.072938
00.077157
00.069144
00.065666
00.076726
00.075281
00.077010
00.076369
00.067991
00.079991
00.076190
00.075002
00.074079
00.075264
00.069012
00.072656
00.066378
00.068833
00.070847
00.068415
00.075333
00.078884
00.071467
00.067427
00.065545
00.076461
00.077952
00.069226
00.077415
00.080118
00.073922
00.072410
00.070023
00.067533
00.071549
00.068697
00.067734
00.067938
00.074135
00.067991
00.070197
00.074790
00.077069
00.075162
00.076158
00.065481
