00.049659
00.053710
00.049632
00.084154
00.048173
00.048508
00.044322
00.047860
00.050819
00.048743
00.048665
00.048841
00.053786
00.045677
00.046767
00.046743
00.057922
00.047317
00.051644
00.051296
00.047641
00.050249
00.050553
00.053502
00.049228
00.053400
00.050965
00.051958
00.051537
00.054730
00.053410
00.054531
00.045865
00.051426
00.051527
00.048040
00.046711
00.049695
00.049119
00.051628
00.046146
00.048764
00.049853
00.048458
00.049343
00.050156
00.048886
00.048773
00.050652
00.054037
00.049973
00.049219
00.047246
00.051121
00.049138
00.045443
00.049169
00.049830
00.050332
00.046546
00.047637
00.046832
00.049011
00.050409
00.050642
00.043203
00.047013
00.049791
00.049415
00.048531
00.051868
00.041965
00.047750
00.049750
00.043752
00.047178
00.049248
00.049006
00.043790
00.050345
00.054395
00.047457
00.057256
00.048311
00.046621
00.049030
00.056207
00.049396
00.047361
00.048097
00.043901
00.044872
00.052090
00.054798
00.048259
00.048262
00.047408
00.045544
00.045085
00.045480
