00.103001
00.109232
00.102271
00.101101
00.103453
00.097491
00.103234
00.099323
00.106069
00.107260
00.099897
00.109127
00.101927
00.104268
00.112389
00.106600
00.099329
00.108156
00.101293
00.106897
00.108511
00.101631
00.100252
00.107506
00.098086
00.107404
00.098923
00.108263
00.104708
00.098745
00.101706
00.101683
00.106309
00.098626
00.104553
00.103215
00.099600
00.098120
00.105685
00.104108
00.114348
00.098586
00.109181
00.111005
00.098058
00.109782
00.105697
00.107726
00.115621
00.111294
00.106231
00.107219
00.106333
00.112353
00.104167
00.105455
00.099403
00.103382
00.105838
00.100782
00.102856
00.109024
00.108828
00.102036
00.104487
00.108705
00.105932
00.107249
00.103401
00.102292
00.098242
00.101391
00.102403
00.103647
00.113646
00.112067
00.098213
00.103259
00.108046
00.107850
00.109173
00.099871
00.100506
00.103916
00.102289
00.106127
00.102681
00.112472
00.101810
00.098297
00.105687
00.106752
00.106225
00.100525
00.104395
00.103828
00.095049
00.102982
00.100215
00.117686
