01.286298
01.288589
01.289790
01.372593
01.389466
01.375926
01.383521
01.378198
01.179088
01.284885
01.097561
01.191122
01.387375
01.284928
01.183719
01.283494
01.377620
01.297973
01.270905
01.292833
01.374983
01.291336
01.275272
01.393583
01.289966
01.277003
01.375043
01.282926
01.289368
01.277095
01.294697
01.296192
01.189535
01.385165
01.279342
01.387088
01.487779
01.282928
01.183692
01.292708
01.282962
01.285006
01.272311
01.392547
01.273644
01.393308
01.375026
01.381977
01.282306
01.280217
01.294405
01.380802
01.478850
01.388192
01.377232
01.283894
01.478280
01.289823
01.282904
01.275851
01.290916
01.377123
01.187545
01.084723
01.377143
01.281512
01.195061
01.288509
01.198339
01.193268
01.090182
01.281694
01.286070
01.377019
01.190069
01.190815
01.279526
01.380528
01.386658
01.288483
01.285290
01.375585
01.193481
01.278373
01.477211
01.379208
01.180800
01.192986
01.394542
01.188278
01.294197
01.476104
01.292530
01.381378
01.297316
01.278831
01.394811
01.381799
01.177168
01.288017
