00.104372
00.154449
00.066738
00.058656
00.097514
00.078779
00.129729
00.065662
00.176881
00.108175
00.134725
00.081056
00.060008
00.162621
00.126601
00.099654
00.119576
00.087744
00.131095
00.192907
00.099283
00.127056
00.157789
00.127191
00.178599
00.112463
00.096598
00.090534
00.086457
00.091608
00.133864
00.159816
00.173243
00.210354
00.122186
00.138555
00.263167
00.172655
00.196286
00.109039
00.083675
00.203483
00.094751
00.096235
00.130222
00.144836
00.066357
00.133944
00.179144
00.088227
00.095547
00.087108
00.092494
00.163231
00.064622
00.138703
00.241785
00.082881
00.128161
00.113381
00.166265
00.135028
00.125943
00.182056
00.119326
00.162816
00.100292
00.121050
00.088711
00.159818
00.135290
00.089167
00.080651
00.105086
00.106751
00.059461
00.103020
00.189505
00.120249
00.066787
00.100336
00.184538
00.146571
00.090987
00.104521
00.151415
00.152902
00.066763
00.174915
00.109497
00.127992
00.096308
00.110203
00.133806
00.106812
00.105282
00.120898
00.161377
00.097420
00.166453
