00.117799
00.059625
00.140550
00.089200
00.065694
00.093951
00.100304
00.075777
00.120777
00.154118
00.103472
00.060413
00.115850
00.046345
00.117634
00.074106
00.169478
00.130492
00.060031
00.166315
00.092993
00.094486
00.107149
00.209503
00.083860
00.076842
00.098071
00.143033
00.114338
00.134368
00.065936
00.073542
00.052582
00.139054
00.053451
00.058053
00.100583
00.064977
00.075653
00.120665
00.091052
00.176603
00.074367
00.077417
00.107567
00.060544
00.089824
00.190461
00.063479
00.060107
00.063201
00.061954
00.091962
00.056146
00.083957
00.100676
00.170920
00.077586
00.144186
00.110435
00.090785
00.070904
00.111039
00.134181
00.073497
00.135362
00.069173
00.196469
00.096568
00.117436
00.095521
00.176957
00.120673
00.144888
00.170511
00.099442
00.049443
00.094061
00.099054
00.277133
00.133037
00.063686
00.085506
00.107547
00.058059
00.100936
00.098065
00.065146
00.053863
00.147179
00.119189
00.174463
00.059764
00.107069
00.077110
00.091975
00.124811
00.114186
00.135701
00.086761
