01.213501
01.024575
01.046781
01.063880
00.859962
01.014748
01.201824
01.067825
01.276553
00.889528
00.813413
01.036955
00.789203
01.034312
00.995134
00.919212
01.087358
00.786741
01.190223
01.443302
00.927884
01.110402
01.090324
00.901051
00.934310
01.488219
01.334231
00.936582
00.908520
01.171686
01.068453
01.258367
01.206193
00.916566
01.242551
01.287415
01.122968
01.161978
01.163726
01.190883
00.872035
00.904267
00.976254
01.060310
00.990899
01.093496
01.247498
01.209775
01.136847
00.934381
01.202686
01.065728
01.201862
01.190943
01.224063
00.804056
01.225709
01.177934
01.218424
01.507656
01.124278
01.091562
01.016376
01.400841
00.911500
01.116240
01.101493
01.284292
01.193418
01.267449
01.141590
01.170905
01.210757
01.093393
01.242888
01.173260
01.194069
00.963152
00.848537
01.278601
01.241156
01.211946
00.869224
01.022067
01.146679
01.097464
01.181095
01.126240
01.295071
00.941039
01.090582
01.530320
01.174125
01.496208
01.317791
01.203799
01.031650
01.203544
01.363734
01.237079
