00.064917
00.077063
00.119742
00.044373
00.074765
00.071753
00.059912
00.074880
00.073679
00.066699
00.097987
00.081637
00.058293
00.077001
00.067621
00.057624
00.116716
00.164772
00.130226
00.099148
00.111371
00.087800
00.088200
00.136183
00.087185
00.143458
00.113681
00.146610
00.104158
00.125384
00.065942
00.048257
00.127085
00.156917
00.045967
00.099975
00.093349
00.118144
00.200015
00.097454
00.100733
00.129014
00.072993
00.100645
00.157007
00.072062
00.073769
00.079913
00.083504
00.071369
00.079257
00.063723
00.069219
00.080256
00.083517
00.102479
00.083448
00.064308
00.060369
00.079661
00.094453
00.072756
00.079787
00.087087
00.068987
00.077799
00.104936
00.092320
00.094877
00.089096
00.191790
00.087062
00.080594
00.107075
00.070376
00.113758
00.055152
00.046850
00.084622
00.122987
00.155956
00.113341
00.095756
00.148894
00.135710
00.092188
00.078660
00.077033
00.121256
00.114545
00.157922
00.093514
00.097233
00.236639
00.145972
00.127858
00.067729
00.057418
00.150448
00.130040
