00.312008
00.211348
00.251848
00.437471
00.163224
00.236688
00.154077
00.232121
00.232761
00.189393
00.216158
00.276257
00.116652
00.233282
00.183590
00.148119
00.374285
00.205911
00.112984
00.103722
00.186426
00.227325
00.226501
00.186329
00.336998
00.219518
00.256703
00.101445
00.171468
00.233103
00.122259
00.183082
00.206043
00.110517
00.303456
00.215321
00.202864
00.184236
00.292113
00.216724
00.140863
00.252891
00.233696
00.130003
00.232033
00.212211
00.229384
00.124372
00.210772
00.203262
00.204959
00.253521
00.136108
00.188828
00.115555
00.184940
00.233985
00.307020
00.180504
00.316795
00.139369
00.230212
00.127116
00.339932
00.163371
00.477322
00.226431
00.117994
00.176675
00.153739
00.185996
00.303560
00.406670
00.118495
00.274341
00.231030
00.140678
00.176013
00.216926
00.261714
00.306683
00.182130
00.194210
00.296630
00.226524
00.211181
00.299584
00.246406
00.204350
00.125503
00.177506
00.213708
00.253327
00.130176
00.130348
00.225412
00.251721
00.245407
00.143936
00.234274
