01.420474
02.140310
01.610023
01.826844
02.014002
02.194531
01.406024
01.611471
01.787452
01.780219
02.001478
02.008438
01.983902
02.295865
01.959456
02.423079
02.431069
02.183649
02.466496
02.603170
01.883999
02.335119
02.111959
01.647046
02.041851
02.289905
02.044266
02.090992
01.482128
02.054347
02.003210
02.137482
02.175170
02.383129
02.344500
02.313241
01.897262
02.227069
01.630251
02.247217
01.871962
02.265377
01.797376
01.557182
02.262779
02.311217
02.068102
02.248025
01.539976
02.020441
02.061520
02.488627
02.433332
02.300268
02.390775
02.471770
01.491338
02.286343
01.914411
01.883373
02.001116
01.710501
01.786897
02.195244
02.522705
02.207471
02.169571
02.136686
02.194602
02.241798
02.276267
02.085405
01.806655
02.302148
02.425011
01.816824
02.204272
02.347601
01.977127
02.280097
01.700700
02.408043
02.158477
02.409668
02.289628
02.045964
02.164593
01.696898
02.334697
02.190735
02.061385
02.190057
02.155229
02.535118
02.386890
02.022511
02.123277
02.100534
02.202776
02.137158
