00.101587
00.216624
00.117511
00.104561
00.177345
00.100469
00.058117
00.120202
00.147200
00.107450
00.097861
00.087569
00.104307
00.100949
00.103261
00.084700
00.153328
00.099686
00.086995
00.107415
00.101357
00.065032
00.081520
00.122727
00.112881
00.147852
00.111239
00.128075
00.091659
00.112384
00.147700
00.126069
00.086148
00.221455
00.087604
00.164884
00.073523
00.124654
00.111337
00.103324
00.141347
00.130291
00.100064
00.138733
00.101286
00.107854
00.219083
00.150373
00.166426
00.102846
00.131330
00.108303
00.127425
00.111352
00.097963
00.197364
00.129993
00.115820
00.086595
00.094695
00.119122
00.150868
00.134936
00.167702
00.121284
00.104693
00.134576
00.170120
00.117163
00.157942
00.119720
00.128341
00.083327
00.113768
00.122289
00.147749
00.121363
00.091437
00.108134
00.128205
00.084556
00.126357
00.213672
00.104415
00.119363
00.097085
00.118104
00.111733
00.127140
00.175105
00.149976
00.133774
00.131497
00.117735
00.133514
00.084580
00.116480
00.121254
00.117803
00.098039
