01.324847
01.076181
00.943838
01.113259
01.084413
01.080125
00.973577
01.143676
01.000832
01.233144
01.468412
00.896853
01.111705
01.074824
00.973241
01.273225
01.329919
01.103195
01.352581
01.076248
01.013655
01.096829
01.169998
01.131314
01.256821
01.146355
01.122006
01.346411
01.186633
01.154045
00.986940
01.317347
00.920287
01.288602
01.114364
01.160070
01.095392
01.463142
01.029754
01.482814
01.449974
01.191677
01.046324
01.173952
01.287404
01.297741
01.222306
01.263476
01.436834
01.300112
01.358745
01.202255
01.134467
00.973596
01.350041
01.420365
01.316891
01.190847
01.100051
01.596922
01.323688
01.207599
01.410686
01.141128
00.939328
01.222587
01.240445
01.000024
01.655746
00.929953
01.426621
01.073077
01.513387
01.206681
01.560200
01.418087
00.952891
00.987485
01.489361
01.270738
01.357419
01.833240
01.451461
01.290025
01.493323
01.303379
00.893560
01.240184
01.200567
01.190242
01.158710
01.283608
01.032279
01.284176
01.373096
01.376650
01.121225
01.485997
01.494062
01.037355
