00.117988
00.153038
00.115644
00.117579
00.144516
00.109649
00.129510
00.131084
00.156361
00.131733
00.153416
00.057318
00.127891
00.127860
00.107650
00.121179
00.110802
00.088216
00.121295
00.101184
00.081393
00.107965
00.108343
00.121673
00.088655
00.094421
00.077697
00.147552
00.101022
00.111208
00.131410
00.117748
00.146787
00.111452
00.111037
00.097713
00.118412
00.140358
00.099377
00.084951
00.090135
00.121335
00.107900
00.106389
00.123236
00.134546
00.111513
00.121270
00.094241
00.097824
00.102354
00.114019
00.105819
00.092330
00.134786
00.103095
00.100355
00.090850
00.074560
00.093325
00.119979
00.126701
00.100245
00.086468
00.166704
00.105135
00.081266
00.178598
00.073577
00.112291
00.111852
00.163388
00.173252
00.088826
00.184316
00.130613
00.093596
00.118060
00.202937
00.130956
00.094554
00.190260
00.093251
00.105733
00.124314
00.163014
00.092494
00.106999
00.100253
00.096375
00.120696
00.111460
00.124454
00.105070
00.111766
00.147657
00.120930
00.117515
00.136680
00.100354
