02.013595
02.333443
02.505726
02.127051
02.604877
02.476263
02.178706
02.140881
01.965252
02.401998
02.473462
02.381654
02.094421
02.864639
02.280505
02.283071
02.184330
02.127087
02.016100
02.681145
02.227141
02.449911
02.171540
02.204262
02.034099
02.411124
02.176842
02.510644
02.406761
02.313009
02.181034
02.087644
02.418156
02.396582
02.114224
01.845148
02.137720
02.269871
02.533615
02.313309
02.367596
02.026555
02.120980
02.407394
02.310706
02.957939
02.563857
02.313654
02.483971
02.307777
02.156032
02.311759
02.443300
02.845373
02.500183
02.044220
02.787845
02.386708
02.210007
02.616187
02.710605
02.337158
01.996770
02.316646
02.460014
02.197036
02.475027
02.681150
02.016115
01.810198
02.898393
02.315374
02.105063
02.479956
02.285332
02.573745
02.471110
02.210275
02.341285
02.397172
02.284390
02.646979
02.166790
02.157110
02.788222
02.032657
02.408163
02.405419
02.042966
02.583795
02.422095
02.720985
02.254479
02.187614
02.193714
02.926912
02.020224
02.304115
02.323331
02.396122
