00.282402
00.409180
00.377420
00.402727
00.461361
00.352591
00.378778
00.387197
00.519195
00.363906
00.416493
00.455619
00.353492
00.556057
00.488626
00.416872
00.440558
00.435682
00.477209
00.429081
00.518051
00.398134
00.483484
00.450111
00.492559
00.517150
00.449226
00.438202
00.464931
00.435534
00.496622
00.467710
00.399045
00.415706
00.440658
00.463107
00.531700
00.519700
00.310149
00.487121
00.436884
00.465720
00.340530
00.379518
00.400161
00.424951
00.488589
00.403504
00.412370
00.392874
00.440538
00.465489
00.435134
00.517793
00.407442
00.392712
00.477121
00.491440
00.438971
00.414240
00.487867
00.465108
00.428568
00.517401
00.448029
00.459770
00.480488
00.478897
00.484484
00.496900
00.376418
00.466189
00.427592
00.488071
00.509531
00.488227
00.367649
00.389398
00.459927
00.555855
00.544765
00.477932
00.405937
00.495869
00.419984
00.568666
00.425722
00.450399
00.473103
00.342112
00.451438
00.507810
00.514076
00.436059
00.522718
00.492478
00.433516
00.541316
00.417362
00.479060
