00.260389
00.272704
00.304052
00.361941
00.291119
00.368248
00.259800
00.339593
00.349033
00.430981
00.316146
00.308351
00.337052
00.292545
00.515267
00.289202
00.362696
00.460642
00.440288
00.269086
00.340021
00.427156
00.347352
00.490777
00.411896
00.498089
00.443697
00.365718
00.479786
00.305348
00.371816
00.401242
00.343283
00.423729
00.354835
00.386751
00.367500
00.464387
00.420539
00.377179
00.424679
00.280714
00.439782
00.383281
00.465493
00.399979
00.435761
00.496884
00.416769
00.409199
00.365423
00.407932
00.387717
00.367450
00.262292
00.350279
00.394456
00.389315
00.376345
00.392727
00.335830
00.487014
00.438042
00.383498
00.389923
00.509031
00.389559
00.421329
00.416535
00.379881
00.432081
00.397064
00.370295
00.413587
00.439577
00.419727
00.421130
00.454609
00.463713
00.380895
00.457973
00.419119
00.533523
00.474555
00.478857
00.486959
00.515659
00.467414
00.444485
00.420942
00.520370
00.428101
00.429920
00.477100
00.416350
00.393659
00.492868
00.528349
00.433900
00.449084
