01.675007
02.173398
01.997531
02.799659
02.569198
04.239294
03.172947
02.687416
02.799760
03.236163
02.466880
02.756559
02.622793
02.473920
02.866298
02.979450
02.140074
02.969635
03.040189
03.126879
03.319284
02.304985
02.333860
02.880173
02.373896
02.099329
03.663708
02.406404
04.010720
03.801143
03.147986
04.117115
03.557204
04.247153
04.454969
02.405789
02.235781
03.343389
02.412589
02.439402
02.898642
02.746865
03.014049
02.715412
02.296359
02.681681
02.650436
03.466514
02.819185
03.839554
03.053809
02.978109
02.552396
03.027993
03.320531
02.970052
02.292655
03.557581
03.841181
03.112082
02.763458
02.994766
02.967443
03.002962
03.168860
03.296254
03.513314
03.244919
03.473684
03.442882
03.192926
02.908225
02.916227
03.212946
02.572919
03.300796
04.999734
03.809848
04.442604
02.681183
03.319696
03.412735
03.128213
04.622643
03.160314
02.614993
02.921393
02.855636
03.129233
02.999476
02.351084
02.353634
02.988612
03.133081
03.280530
02.661787
02.482759
02.518433
02.691044
02.106781
