00.192753
00.242166
00.362879
00.332698
00.320952
00.271547
00.304964
00.331575
00.301067
00.320374
00.341895
00.378357
00.169828
00.290917
00.342451
00.250579
00.276505
00.277872
00.395498
00.303947
00.378293
00.430061
00.347643
00.390743
00.414710
00.440857
00.339906
00.375462
00.377298
00.437479
00.365914
00.325410
00.390685
00.428584
00.487536
00.318103
00.305549
00.453030
00.365308
00.479072
00.367068
00.335944
00.386658
00.489030
00.497208
00.483669
00.379294
00.427009
00.493638
00.441000
00.353209
00.420389
00.391466
00.385079
00.410880
00.443622
00.416383
00.379482
00.437037
00.484064
00.370316
00.416326
00.386038
00.459426
00.360381
00.400197
00.382531
00.462092
00.362416
00.387910
00.381881
00.448381
00.350321
00.327575
00.433688
00.416787
00.322822
00.398949
00.430434
00.542984
00.442768
00.449647
00.417788
00.556778
00.303132
00.456089
00.370466
00.471447
00.481362
00.411354
00.471750
00.354092
00.368539
00.376203
00.297932
00.345556
00.441989
00.477301
00.450867
00.436446
