00.339850
00.440567
00.629760
00.442545
00.416666
00.493159
00.538056
00.584623
00.410014
00.388803
00.774105
00.636818
00.865378
00.835683
01.008397
00.776688
00.626846
00.416925
00.766647
00.619010
00.727706
00.782551
00.866197
00.850404
01.032330
01.087625
00.896533
00.809502
00.931098
00.456030
00.710197
00.763890
00.826253
00.833036
00.842284
01.011116
00.950192
00.842310
00.613998
00.705409
00.740069
00.935168
00.606623
00.692649
01.022929
00.826085
00.777299
00.868158
00.690868
00.766727
00.734600
00.734504
00.702787
00.692852
00.937557
00.776469
00.706148
00.669789
00.711268
00.596570
00.821753
00.744814
00.617634
01.111587
00.979800
00.734532
00.993842
01.035940
00.815544
00.710673
01.124630
00.964273
00.868121
00.847172
00.798756
00.968558
00.682496
00.736924
00.933504
00.743707
00.782790
01.231564
00.812011
00.617162
00.922631
00.951780
00.953332
00.721644
00.803870
01.110143
00.836631
00.931054
00.892895
00.684821
00.704737
00.794222
00.657530
00.645719
00.939892
00.570480
