02.083924
02.996754
03.007092
03.178103
05.928925
05.960186
06.014228
05.456348
07.796065
09.872003
08.553739
09.583018
06.975499
06.392170
06.343331
10.010309
08.556203
07.017663
06.349918
07.520475
08.188473
07.738102
09.951724
11.295846
10.068281
11.609888
10.316827
10.239389
06.505947
08.547584
11.421546
07.427925
07.832149
08.628524
09.187660
09.339518
08.339691
09.425310
07.501780
06.942582
07.228310
08.671980
10.089237
07.426165
06.846357
08.830263
06.309986
06.626406
06.738985
09.662951
10.282000
10.249392
07.990060
09.046884
09.387616
09.607469
12.238205
09.240623
09.363460
07.742572
06.963609
10.910239
07.961228
07.857635
07.621823
07.464415
11.188833
13.326373
14.647703
08.955742
08.622283
07.263224
09.553600
09.752659
10.794667
08.940462
09.156682
09.511460
11.100919
08.178542
07.505590
06.547985
07.664797
08.346142
08.239459
07.072940
06.379674
07.627278
07.709341
06.293595
11.029566
11.964537
08.366929
09.121866
08.297618
09.855428
08.697824
09.264984
08.067737
06.263520
