00.244015
00.174547
00.258104
00.172917
00.227866
00.255927
00.137643
00.172067
00.220389
00.270179
00.121793
00.116240
00.170133
00.210376
00.168150
00.200275
00.210437
00.166084
00.206302
00.201384
00.138523
00.217317
00.165773
00.212404
00.207232
00.273197
00.223739
00.164318
00.187634
00.150463
00.223481
00.263566
00.107461
00.199512
00.170438
00.196162
00.173969
00.328467
00.131405
00.200173
00.148505
00.179858
00.249099
00.203179
00.224195
00.163660
00.197118
00.148409
00.164222
00.339498
00.176651
00.156487
00.163163
00.153847
00.148849
00.153831
00.177301
00.129019
00.126082
00.149745
00.332106
00.162549
00.167756
00.246250
00.266052
00.265952
00.303411
00.152967
00.155661
00.188582
00.146637
00.244262
00.252634
00.163166
00.220648
00.190337
00.196770
00.140086
00.190180
00.171650
00.168162
00.222020
00.199526
00.270070
00.331874
00.207900
00.165984
00.286352
00.240166
00.261344
00.214022
00.160642
00.220743
00.237209
00.233820
00.316503
00.186772
00.238321
00.244613
00.151052
