01.304568
01.132554
01.254909
01.036424
01.282712
01.336515
00.883652
01.233585
01.427345
01.176910
01.240572
01.137593
01.380204
01.303168
01.303343
01.271763
01.328895
01.386267
01.413574
01.490792
01.133559
00.908706
00.923273
01.119971
01.449524
01.286532
01.055275
01.263654
00.934378
01.406974
01.550637
01.110374
01.429734
01.324087
01.216125
01.477444
01.493241
01.286255
01.191705
01.139988
01.216561
01.323324
01.212969
01.200425
01.350440
01.216824
01.176592
01.042612
00.990290
01.447296
01.498597
01.486544
01.063513
01.259677
01.271452
01.359723
01.161543
01.277837
01.196897
01.033286
01.439253
01.444671
01.153270
01.326782
01.465898
01.363211
01.424263
01.215659
01.461361
01.057054
01.270522
01.120700
01.670189
01.177184
01.266499
01.396385
01.551866
01.383536
01.244472
01.494271
01.333348
01.087956
01.087283
01.289893
01.378915
01.418373
01.224213
01.192715
01.187957
01.308125
01.421535
01.351245
01.644042
00.961172
01.464561
01.373147
01.330834
01.159559
01.532726
01.444912
