01.220372
00.914338
00.508891
00.530337
00.442668
00.467248
00.522989
00.591061
00.521939
00.526210
00.563587
00.553227
00.612968
00.591569
00.664068
00.596499
00.625063
00.546523
00.515421
00.519552
00.584022
00.548329
00.605401
00.622523
00.576371
00.603939
00.548030
00.460146
00.641394
00.481906
00.546191
00.474059
00.454096
00.497922
00.483614
00.482530
00.526881
00.570088
00.487005
00.606521
00.557037
00.523540
00.601339
00.741201
00.673707
00.622729
00.605998
00.694243
00.493174
00.651098
00.575462
00.368082
00.445979
00.563822
00.422720
00.595044
00.600729
00.449869
00.432628
00.497637
00.675622
00.422366
00.498268
00.501512
00.537595
00.564501
00.573468
00.520780
00.681596
00.622446
00.508680
00.623319
00.479831
00.575442
00.506570
00.654987
00.465131
00.605782
00.498255
00.613098
00.583502
00.529975
00.539206
00.518524
00.605732
00.579473
00.488532
00.656196
00.549492
00.606878
00.600141
00.520543
00.633668
00.533213
00.652135
00.595369
00.665963
00.583397
00.685150
00.707360
