00.652964
00.248139
00.301569
00.191815
00.228528
00.230154
00.253688
00.243158
00.281650
00.300047
00.323057
00.198493
00.217639
00.225443
00.281376
00.324701
00.263168
00.240659
00.261280
00.292322
00.278593
00.279602
00.259717
00.250827
00.214162
00.244647
00.278116
00.252138
00.263559
00.269484
00.290817
00.303040
00.274466
00.300023
00.263192
00.341467
00.321081
00.295043
00.294690
00.278525
00.340929
00.333506
00.351546
00.258204
00.335680
00.373523
00.281253
00.244888
00.337802
00.337619
00.311033
00.301536
00.313161
00.350542
00.305332
00.391539
00.390108
00.273093
00.303698
00.292976
00.390566
00.266770
00.207545
00.334890
00.303195
00.313168
00.346135
00.380854
00.168052
00.351463
00.290078
00.233319
00.281879
00.244705
00.272816
00.291345
00.326346
00.262051
00.301423
00.305253
00.225968
00.315617
00.299821
00.305090
00.298061
00.293793
00.327977
00.309716
00.347660
00.239266
00.251310
00.183036
00.253833
00.402026
00.264189
00.242072
00.293234
00.245568
00.343414
00.247546
