01.315052
00.300209
00.228026
00.210869
00.194716
00.238001
00.201243
00.202890
00.305591
00.236381
00.274391
00.301815
00.275300
00.228504
00.197981
00.254955
00.332610
00.336106
00.287872
00.263928
00.355118
00.308501
00.321160
00.269912
00.267075
00.261436
00.370654
00.285611
00.245170
00.399611
00.329787
00.274416
00.196945
00.300504
00.257127
00.333820
00.402362
00.251952
00.258140
00.370039
00.221165
00.259268
00.241718
00.304020
00.314506
00.327923
00.341570
00.269502
00.280465
00.178002
00.247907
00.294237
00.296411
00.225617
00.272506
00.301221
00.276752
00.245142
00.245464
00.193796
00.237195
00.311289
00.236288
00.281400
00.229355
00.324631
00.302174
00.284878
00.247381
00.257239
00.310860
00.228889
00.247183
00.212894
00.284787
00.333785
00.261106
00.263428
00.221666
00.206479
00.277391
00.255894
00.229049
00.328511
00.252383
00.220498
00.290487
00.278822
00.359959
00.233421
00.232225
00.285032
00.320927
00.257685
00.294753
00.156976
00.316401
00.271812
00.254773
00.269710
