09.023262
00.634547
00.570371
00.797258
00.704670
00.686816
00.652132
00.768333
00.696567
00.758898
00.907392
00.835543
00.947227
00.848966
00.935457
00.811869
00.910924
01.104125
00.994240
00.990384
00.918034
01.092114
01.055611
00.706479
00.693400
00.750197
00.926146
00.760506
00.690249
00.874161
01.176537
01.332577
01.480237
03.377322
03.649177
03.625057
03.801837
03.905018
02.235949
02.227518
02.611082
02.736581
02.939851
02.526512
02.745445
02.872907
03.132031
03.046299
02.758352
02.796188
02.898657
03.050636
03.184320
03.237211
03.056522
03.167130
03.316762
02.442774
02.543851
02.756516
02.991881
03.031558
02.561904
02.030122
01.991663
02.381574
02.439340
02.612935
02.643189
02.649817
02.764739
02.976047
03.083509
02.593337
02.763889
02.362120
02.622981
02.778641
02.876369
02.849328
02.593129
02.532905
02.332039
02.729778
02.754861
02.556664
02.159543
02.332664
02.501490
02.774556
02.811911
03.047459
03.167190
03.529649
02.376872
02.609996
02.681376
03.023372
02.670001
03.026092
