00.099043
00.082853
00.140858
00.104329
00.120160
00.156889
00.113856
00.082795
00.104392
00.229440
00.208726
00.074871
00.076520
00.080930
00.123009
00.093063
00.109157
00.126611
00.146124
00.068725
00.176228
00.180072
00.080192
00.076452
00.098143
00.153702
00.126852
00.093265
00.109533
00.136288
00.072560
00.145746
00.097968
00.081558
00.115627
00.150267
00.120415
00.077483
00.074415
00.117354
00.114642
00.177519
00.171316
00.116765
00.116998
00.174952
00.104932
00.133326
00.115496
00.074784
00.095544
00.164531
00.099403
00.278534
00.140592
00.092599
00.118866
00.149834
00.127868
00.170624
00.671846
00.036921
00.037357
00.038340
00.034314
00.035324
00.034968
00.031874
00.035174
00.038695
00.037705
00.042219
00.043688
00.041253
00.037435
00.040309
00.037861
00.039086
00.045979
00.043417
00.035470
00.037920
00.043204
00.043895
00.041448
00.037104
00.035843
00.034592
00.043327
00.042209
00.037205
00.038603
00.036708
00.039741
00.038049
00.042523
00.041185
00.040320
00.039081
00.042566
