00.078255
00.234488
00.117606
00.108440
00.257624
00.147619
00.119198
00.237153
00.111569
00.106014
00.136678
00.173052
00.177494
00.104873
00.115801
00.174430
00.173244
00.200853
00.132773
00.131419
00.103126
00.094639
00.114361
00.130459
00.133422
00.114228
00.227437
00.120040
00.134908
00.118276
00.128018
00.173276
00.156657
00.179228
00.153755
00.141546
00.172044
00.101392
00.111849
00.105832
00.118864
00.155095
00.124338
00.123366
00.108335
00.167923
00.143114
00.152190
00.175814
00.137630
00.133365
00.113983
00.159979
00.081253
00.113029
00.163735
00.153049
00.151152
00.170129
00.102746
00.121962
00.147162
00.131784
00.118261
00.160634
00.091769
00.168019
00.131911
00.178769
00.104908
00.115681
00.131301
00.174242
00.144711
00.147211
00.163958
00.123143
00.176128
00.144706
00.127362
00.249409
00.171006
00.129746
00.104595
00.154963
00.151404
00.118290
00.208946
00.135080
00.207068
00.171912
00.114395
00.220043
00.098311
00.157469
00.154632
00.154406
00.104523
00.145716
00.105821
