00.989804
01.386000
01.131339
01.070080
01.388213
01.099985
01.048761
01.595263
01.150558
01.374112
01.223632
01.340408
01.409941
01.201921
01.654415
01.503550
01.400842
01.392214
01.200077
01.068451
01.211304
00.996815
01.585092
00.996386
01.270775
01.154996
01.058165
01.206137
01.260174
01.317662
01.283106
00.978692
01.327232
01.303278
01.473875
01.220627
01.181398
01.196316
01.303880
01.205900
01.096754
01.276975
01.184111
01.300862
01.536770
01.240667
01.339350
01.233426
01.268687
01.109811
01.100509
01.119623
01.389654
00.986422
01.509206
00.875514
01.226154
01.212311
01.277909
01.281824
01.232824
01.116752
01.606499
00.980521
01.515038
01.337384
01.196975
01.218468
01.362283
01.032873
01.293030
01.081282
01.027774
01.122950
01.269714
01.117872
01.345703
01.089412
01.209882
01.245717
01.173399
01.216373
01.064761
01.323484
00.988993
01.239734
01.584884
01.343057
01.093204
01.217422
01.382209
01.213320
01.229993
01.173045
01.537920
01.613268
01.296623
00.939670
01.370510
01.277647
