00.137558
00.134394
00.088828
00.094604
00.079686
00.164295
00.093013
00.176071
00.116233
00.097589
00.108323
00.104366
00.121754
00.170764
00.138151
00.107678
00.098412
00.208463
00.130894
00.118061
00.126843
00.126183
00.104594
00.118385
00.135983
00.254117
00.130306
00.091478
00.088235
00.084748
00.127994
00.094037
00.187325
00.176698
00.150256
00.161606
00.110762
00.170858
00.085108
00.101169
00.111871
00.140830
00.142674
00.101091
00.148176
00.107585
00.117880
00.161654
00.220289
00.164308
00.134655
00.139638
00.173144
00.118811
00.117802
00.118142
00.140671
00.105825
00.175316
00.131464
00.138007
00.101211
00.114960
00.091782
00.136073
00.155801
00.158137
00.188101
00.109471
00.126643
00.169595
00.263690
00.168925
00.153110
00.142149
00.120969
00.127830
00.115458
00.078872
00.121257
00.091179
00.168075
00.131191
00.096137
00.134243
00.111528
00.118799
00.109093
00.143917
00.113773
00.132568
00.122975
00.129927
00.116337
00.118601
00.139338
00.138562
00.145001
00.134344
00.097678
