00.134056
00.405532
00.224144
00.162651
00.229632
00.220731
00.176351
00.185072
00.156668
00.200732
00.089549
00.299938
00.206997
00.169090
00.432909
00.240159
00.141344
00.399994
00.286713
00.336546
00.179868
00.235089
00.203000
00.217080
00.237079
00.199092
00.249262
00.426187
00.128003
00.210984
00.160262
00.152825
00.220326
00.436469
00.290568
00.202706
00.231157
00.318610
00.162267
00.227602
00.141102
00.169883
00.303815
00.193063
00.321200
00.294021
00.198146
00.213801
00.163614
00.273260
00.187541
00.374597
00.244460
00.205451
00.217957
00.246326
00.219913
00.050818
00.042363
00.050351
00.043501
00.093339
00.040177
00.045288
00.083043
00.044210
00.042210
00.092653
00.088209
00.096047
00.088714
00.041487
00.046353
00.074347
00.040755
00.048494
00.087545
00.085708
00.095821
00.043676
00.053734
00.064550
00.091099
00.038193
00.043095
00.089255
00.093359
00.092913
00.086833
00.089158
00.039636
00.049342
00.073772
00.045642
00.045459
00.044028
00.043840
00.075747
00.043819
00.050668
