01.900602
02.116827
02.030546
02.273497
02.060677
02.519358
01.900124
02.154331
02.782302
02.510095
02.159898
02.419908
01.741514
01.804188
02.266561
02.356532
01.960243
02.110247
02.126247
02.243555
02.057097
02.013491
02.259426
02.313115
01.975129
02.291311
01.786540
02.140978
02.720221
02.132295
02.282957
02.426545
01.786524
02.184428
02.303080
02.139859
01.977025
02.377235
02.397375
02.311358
01.954426
01.962544
02.234095
01.705749
01.863363
02.233127
02.509603
02.041529
02.042850
02.206199
02.304500
02.336071
02.357573
01.850664
02.277055
02.323212
02.107459
02.253041
01.987958
01.852494
02.445610
02.091915
01.820182
02.454718
02.013493
01.867751
02.160407
02.110542
02.413150
02.214980
02.162267
02.124546
02.102716
02.619536
02.186275
02.513539
01.903628
02.353301
02.009788
02.377549
02.277361
02.590475
02.403215
02.189957
02.378746
02.300827
02.507596
02.097204
02.100065
02.473930
02.009961
02.250307
02.383203
02.626376
02.152982
02.616959
02.144457
02.549373
01.879853
01.917502
