00.267334
00.297700
00.160194
00.219475
00.182593
00.233252
00.292089
00.252193
00.186831
00.290957
00.297921
00.267962
00.299049
00.258030
00.283437
00.238065
00.262094
00.267176
00.194977
00.277966
00.301756
00.259402
00.298708
00.285839
00.264461
00.196333
00.258764
00.314328
00.290095
00.209550
00.306598
00.400692
00.280503
00.362917
00.259401
00.251971
00.303498
00.260104
00.306941
00.291950
00.266735
00.388139
00.332512
00.283918
00.265005
00.359905
00.328589
00.328930
00.231344
00.346669
00.282003
00.254958
00.290056
00.264874
00.142390
00.371822
00.356487
00.259913
00.252640
00.140488
00.320198
00.315844
00.271332
00.252579
00.259960
00.294119
00.319930
00.281351
00.212766
00.297374
00.291476
00.263628
00.368112
00.328030
00.324480
00.304505
00.281073
00.214183
00.345781
00.252639
00.317235
00.221292
00.276816
00.236625
00.341263
00.316312
00.330208
00.252181
00.338834
00.306642
00.301907
00.299471
00.344699
00.289700
00.363602
00.328247
00.311028
00.162915
00.329404
00.249489
