00.187149
00.268500
00.217789
00.193513
00.264397
00.090601
00.229953
00.252065
00.304866
00.283359
00.217956
00.230932
00.257722
00.252518
00.267671
00.275835
00.364529
00.216899
00.273447
00.269276
00.215749
00.216694
00.274555
00.080820
00.330536
00.257148
00.234502
00.221090
00.253877
00.276751
00.222293
00.292766
00.315528
00.231058
00.241311
00.287190
00.246663
00.174296
00.295461
00.210910
00.165394
00.256826
00.234412
00.231213
00.247337
00.285067
00.288659
00.128536
00.271589
00.280619
00.298659
00.291834
00.249360
00.237772
00.241708
00.293350
00.317389
00.272544
00.266733
00.296221
00.301785
00.209889
00.232602
00.333418
00.293254
00.222299
00.169989
00.297936
00.337866
00.314982
00.246057
00.190958
00.215543
00.295401
00.402242
00.288579
00.257690
00.262311
00.224197
00.403525
00.257335
00.266776
00.270519
00.224036
00.257872
00.278044
00.176153
00.278302
00.193803
00.236909
00.284331
00.271053
00.269870
00.254767
00.248545
00.274108
00.215440
00.329550
00.260973
00.272616
