01.342469
01.516093
01.253738
01.162453
01.532211
01.639353
01.461732
01.311780
01.268272
01.466755
01.507143
01.603338
01.507816
01.169484
01.313833
01.594768
01.739436
01.469095
01.536128
01.591297
01.568407
01.581982
01.602386
01.367637
01.689480
01.620224
01.320063
01.539944
01.804769
01.677702
01.398749
01.706778
01.763149
01.459845
01.266961
01.520964
01.575115
01.573757
01.814500
01.733563
01.295036
01.530610
01.523658
01.482487
01.580041
01.383148
01.515764
01.217403
01.439851
01.560014
01.490495
01.567309
01.449137
01.498380
01.486157
01.746469
01.726183
01.542939
01.528807
01.829398
01.596233
01.666148
01.307815
01.389815
01.459174
01.378246
01.460996
01.335658
01.837478
01.570718
01.412785
01.390295
01.897912
01.363000
01.559999
01.515244
01.501287
01.655262
01.482664
01.646440
01.519790
01.583263
01.436085
01.593292
01.801625
01.579781
01.945452
01.506414
03.396671
01.633966
01.589726
01.130894
02.436952
01.456703
01.760185
01.755540
01.386228
01.872317
02.461062
01.536192
