00.154327
00.102110
00.190274
00.220894
00.227609
00.239007
00.167169
00.253241
00.193376
00.183442
00.283823
00.263552
00.268231
00.314218
00.196618
00.257486
00.225153
00.196663
00.213500
00.260969
00.250128
00.304268
00.156235
00.107423
00.219263
00.213566
00.207759
00.243726
00.257153
00.191735
00.279586
00.225721
00.256708
00.280865
00.228152
00.216899
00.069498
00.227168
00.262719
00.206930
00.282726
00.141033
00.179583
00.279042
00.212107
00.301373
00.218000
00.125701
00.363465
00.230817
00.250150
00.293909
00.249676
00.261767
00.292567
00.250583
00.225239
00.255168
00.247763
00.212985
00.331362
00.253313
00.272027
00.336880
00.217293
00.286766
00.253302
00.114407
00.304459
00.270655
00.104992
00.285469
00.260777
00.294147
00.283126
00.217613
00.310064
00.302105
00.190859
00.393187
00.288052
00.250873
00.206710
00.313929
00.173174
00.255094
00.275419
00.288564
00.327810
00.291142
00.262985
00.158217
00.246783
00.364566
00.281881
00.290150
00.365315
00.283926
00.251819
00.313583
