00.426082
00.326764
00.394051
00.344378
00.417248
00.318993
00.424351
00.333806
00.357828
00.260573
00.332919
00.409587
00.556314
00.417099
00.388779
00.442573
00.317475
00.340080
00.510856
00.338211
00.506683
00.453142
00.554790
00.293503
00.188830
00.387997
00.391132
00.420518
00.544362
00.430668
00.387661
00.454915
00.439876
00.378094
00.472255
00.298044
00.388059
00.589033
00.521924
00.505935
00.336674
00.571322
00.500538
00.519956
00.292055
00.380612
00.328527
00.512969
00.405996
00.500038
00.436355
00.432177
00.402420
00.403683
00.456514
00.399572
00.540159
00.384343
00.402002
00.324607
00.510709
00.338335
00.503592
00.362633
00.429844
00.438673
00.356703
00.370913
00.440054
00.328912
00.302487
00.411881
00.517706
00.308113
00.436329
00.356893
00.721116
00.366497
00.460326
00.476483
00.436309
00.346931
00.543392
00.386651
00.396418
00.476164
00.560246
00.454714
00.532714
00.505197
00.434834
00.403949
00.277138
00.388869
00.436169
00.405306
00.312170
00.402211
00.456862
00.536481
