02.528235
02.424373
02.422500
02.821126
02.268598
02.496633
02.373046
02.782102
02.704985
02.344792
02.682256
02.768782
02.403166
02.413361
03.024975
02.728063
02.848540
02.221945
02.518589
02.523163
02.814036
02.416824
02.558624
02.975623
03.196807
03.099916
03.185722
03.336930
03.332237
02.587532
03.070893
02.466156
02.273728
02.822044
02.361920
02.673714
03.797942
02.559718
03.150469
02.762867
02.880307
03.192439
02.931105
02.676953
02.552293
02.876330
03.016152
02.686334
02.754051
02.924814
02.819707
02.371911
02.737433
02.844959
02.959899
02.806081
02.630442
02.859975
03.289582
03.339416
03.013545
02.735086
02.740449
02.689819
02.870199
02.247131
02.719348
02.944006
03.386565
02.822627
02.893629
03.072700
02.910179
03.214332
02.782363
03.236635
03.004055
02.656872
02.733173
03.091494
02.417786
02.572653
02.849905
02.373608
02.564737
02.940898
02.871440
02.996546
02.266752
02.403051
02.836557
03.239709
03.120122
02.982864
02.752944
02.360040
02.947102
02.901706
03.002036
02.776653
