00.080044
00.080524
00.065520
00.075634
00.069654
00.078276
00.065766
00.066673
00.075713
00.063488
00.077041
00.070584
00.073822
00.068191
00.067262
00.074181
00.078452
00.070891
00.076985
00.066647
00.070456
00.068869
00.072759
00.076655
00.078573
00.064223
00.074457
00.065984
00.071675
00.069737
00.073012
00.077858
00.067894
00.074046
00.074987
00.069326
00.068341
00.077956
00.064846
00.067691
00.080024
00.068832
00.066969
00.074365
00.079909
00.074681
00.067494
00.069243
00.070248
00.082086
00.078241
00.066844
00.075596
00.077145
00.077452
00.079114
00.072641
00.069480
00.076631
00.071381
00.069701
00.073282
00.069394
00.067140
00.077828
00.068033
00.076210
00.071878
00.078823
00.074445
00.072511
00.078441
00.066605
00.067307
00.065755
00.068750
00.081246
00.077737
00.073403
00.077676
00.075861
00.071294
00.070669
00.067299
00.071145
00.062879
00.066971
00.075131
00.073393
00.067993
00.075585
00.070684
00.065927
00.069955
00.063635
00.066050
00.079763
00.083189
00.082124
00.075658
