00.046908
00.045398
00.050392
00.054925
00.047203
00.050746
00.051959
00.052158
00.048963
00.051918
00.046164
00.050875
00.052873
00.052725
00.053413
00.052331
00.053583
00.049682
00.044971
00.050571
00.049354
00.053919
00.051315
00.049107
00.047943
00.049989
00.048366
00.051334
00.055061
00.052446
00.047809
00.044886
00.049497
00.047456
00.049453
00.056016
00.050223
00.047753
00.050247
00.050427
00.052499
00.048258
00.051159
00.049089
00.046045
00.048027
00.048563
00.050869
00.048319
00.049739
00.051628
00.048709
00.048871
00.051904
00.050407
00.051777
00.052603
00.049284
00.049265
00.054201
00.047881
00.050297
00.050232
00.048981
00.049258
00.054613
00.050419
00.052533
00.052926
00.047247
00.051653
00.046820
00.047458
00.046879
00.049120
00.048158
00.051519
00.050256
00.047434
00.056527
00.050935
00.045848
00.050386
00.049056
00.049403
00.052287
00.052638
00.046948
00.050741
00.051964
00.047981
00.043847
00.046548
00.047861
00.050293
00.045883
00.049111
00.050297
00.049144
00.051398
