00.532139
00.581642
00.494611
00.500698
00.603017
00.571337
00.596960
00.586134
00.580870
00.498018
00.598604
00.587841
00.586800
00.584248
00.681406
00.595859
00.588597
00.495148
00.595521
00.591021
00.489740
00.686612
00.584487
00.593138
00.580777
00.501137
00.597661
00.589100
00.584552
00.590477
00.580617
00.580780
00.585003
00.501140
00.587486
00.585487
00.594677
00.578142
00.592834
00.592332
00.587726
00.503166
00.589592
00.592392
00.587409
00.676941
00.598302
00.579559
00.586515
00.680694
00.493294
00.591031
00.574555
00.592748
00.579340
00.596117
00.592399
00.583248
00.581830
00.591688
00.586516
00.590573
00.582452
00.584381
00.585221
00.592930
00.572198
00.500868
00.582703
00.674035
00.499642
00.677435
00.592739
00.586199
00.585358
00.585765
00.678120
00.592921
00.589452
00.596354
00.590542
00.677537
00.680602
00.602091
00.589737
00.601843
00.596215
00.584233
00.586009
00.584639
00.588142
00.588611
00.591995
00.590775
00.584974
00.589088
00.576629
00.589450
00.591702
00.582834
