00.054757
00.048170
00.047981
00.050151
00.049769
00.053646
00.047814
00.051897
00.053012
00.045736
00.046709
00.050702
00.069001
00.052563
00.053326
00.057472
00.052200
00.046523
00.047625
00.053176
00.048456
00.049758
00.050767
00.048646
00.048134
00.050703
00.049678
00.054443
00.052146
00.043226
00.047454
00.047520
00.048162
00.050133
00.052911
00.051024
00.045270
00.051299
00.044871
00.046960
00.045099
00.044214
00.048390
00.049069
00.049275
00.047123
00.050851
00.049516
00.052124
00.048544
00.050992
00.049299
00.047929
00.043746
00.049823
00.045820
00.049507
00.049934
00.049301
00.045099
00.043917
00.049066
00.048088
00.047882
00.048719
00.047089
00.055172
00.051101
00.049808
00.044730
00.045639
00.045296
00.048623
00.051663
00.051849
00.054010
00.052830
00.046050
00.048415
00.053874
00.056725
00.051122
00.060764
00.044603
00.049002
00.043485
00.045257
00.047759
00.051639
00.049092
00.047097
00.042319
00.052401
00.047632
00.049067
00.048683
00.050553
00.048636
00.050701
00.054467
