00.093407
00.093224
00.101141
00.092549
00.094397
00.093047
00.094126
00.096572
00.103068
00.108514
00.093766
00.097147
00.098991
00.087359
00.096743
00.100540
00.102756
00.093432
00.098358
00.097120
00.094971
00.100765
00.094425
00.100669
00.099807
00.094859
00.100474
00.097003
00.093244
00.103392
00.094219
00.104969
00.098658
00.091495
00.102992
00.093451
00.093640
00.094108
00.107311
00.094736
00.091701
00.095678
00.102598
00.093091
00.097655
00.097236
00.102989
00.097719
00.095761
00.096708
00.092931
00.095988
00.101080
00.098953
00.094288
00.097476
00.094659
00.092421
00.097026
00.096231
00.092344
00.099943
00.098556
00.104213
00.093624
00.096969
00.097154
00.101138
00.100379
00.106224
00.102184
00.094723
00.093113
00.101165
00.100488
00.108661
00.095298
00.096777
00.092357
00.099528
00.094687
00.099590
00.096278
00.099784
00.102248
00.101179
00.102484
00.096531
00.092472
00.108378
00.105826
00.097579
00.099107
00.104463
00.092060
00.095725
00.092307
00.095111
00.093141
00.117900
