01.189836
01.180348
01.189119
01.171294
01.190858
01.189092
01.266803
01.197066
01.171760
01.185024
01.191870
01.186330
01.182800
01.179959
01.183185
01.185797
01.185166
01.187942
01.175087
01.188136
01.188316
01.189674
01.193249
01.174901
01.189724
01.189036
01.190397
01.178859
01.192392
01.180727
01.189545
01.194001
01.269475
01.192494
01.089926
01.193663
01.282270
01.189351
01.182673
01.176374
01.194533
01.185579
01.176507
01.187910
01.179150
01.183428
01.279559
01.190585
01.182951
01.087784
01.183551
01.187200
01.182153
01.088249
01.185684
01.178762
01.176560
01.189442
01.180076
01.277628
01.190650
01.181014
01.175784
01.286161
01.188730
01.183249
01.190359
01.180761
01.177691
01.195019
01.197633
01.083371
01.280592
01.188351
01.179606
01.186749
01.182928
01.188660
01.086520
01.183886
01.185453
01.190256
01.184120
01.181413
01.095034
01.181492
01.189248
01.092102
01.087263
01.174661
01.186058
01.184110
01.089819
01.196420
01.084827
01.189421
01.182752
01.178324
01.185604
01.176963
