00.662032
00.459381
00.325664
00.536092
00.496814
00.362891
00.450224
00.374597
00.509437
00.534707
00.314116
00.529018
00.531213
00.543907
00.542393
00.394073
00.377086
00.368941
00.426830
00.584356
00.436506
00.481029
00.614009
00.657845
00.469693
00.623721
00.468877
00.474225
00.702131
00.596189
00.353293
00.393807
00.553067
00.526866
00.379537
00.405440
00.510985
00.548198
00.415349
00.507820
00.447866
00.349999
00.405346
00.365692
00.419404
00.485397
00.356874
00.389019
00.479207
00.510061
00.464113
00.568441
00.477006
00.613681
00.502094
00.552717
00.467518
00.379411
00.400641
00.487134
00.496653
00.539978
00.409853
00.396280
00.537798
00.529560
00.477033
00.489161
00.594514
00.583809
00.570381
00.477085
00.443911
00.412387
00.449424
00.573396
00.576206
00.559384
00.465495
00.656794
00.561337
00.405120
00.399058
00.457808
00.454596
00.417665
00.512354
00.553307
00.539937
00.641319
00.571334
00.657743
00.423469
00.653301
00.652364
00.561293
00.835550
00.694339
00.576744
00.529713
