00.256728
00.262748
00.268547
00.209012
00.247678
00.251336
00.288144
00.254278
00.258391
00.300302
00.348596
00.203899
00.299704
00.222539
00.250170
00.334216
00.319899
00.169082
00.261069
00.265527
00.253072
00.261892
00.301013
00.235123
00.300928
00.273939
00.307500
00.285778
00.315097
00.252713
00.266345
00.281954
00.278028
00.283960
00.254505
00.247624
00.202222
00.346919
00.243897
00.313243
00.297864
00.283458
00.253057
00.260217
00.191215
00.311351
00.296918
00.348731
00.325337
00.286316
00.297636
00.281240
00.316799
00.320208
00.250873
00.258218
00.236491
00.340090
00.426313
00.293192
00.343102
00.408896
00.333953
00.277355
00.305009
00.297173
00.261481
00.301877
00.276524
00.352020
00.266543
00.233332
00.227868
00.308043
00.307210
00.363726
00.252719
00.215304
00.247342
00.348494
00.240607
00.340731
00.338628
00.221497
00.195326
00.334391
00.319311
00.241257
00.318470
00.322820
00.280753
00.276998
00.251756
00.284548
00.268311
00.329548
00.309959
00.246543
00.240081
00.256333
