01.972194
01.977910
01.722832
01.677970
02.294234
02.004144
01.660685
01.517925
01.818295
01.905825
01.810565
02.051065
01.913282
01.938159
01.683326
01.784082
01.756646
01.910154
02.112346
02.109980
01.989229
01.927295
01.787735
01.873644
01.853516
02.200899
01.620538
01.986367
01.985607
01.657172
01.665870
01.703861
02.073141
01.930811
01.860225
01.986426
01.956554
02.175338
01.910991
02.111729
02.165121
02.247490
01.738887
01.903297
01.815421
01.765998
02.019374
01.913350
01.879674
01.812896
01.974623
01.526762
01.516246
01.761067
01.978781
02.264114
01.782142
01.771429
01.985861
01.796555
01.708160
01.431441
01.652853
01.690257
01.649250
01.966281
01.828485
01.900918
01.870412
01.811904
02.033893
01.726955
01.785487
02.040194
01.643696
01.948079
02.066872
01.945769
01.673053
02.502389
01.746614
02.064813
02.040046
01.837027
01.926004
04.611064
02.410040
02.357365
02.518124
02.398103
02.579658
02.456721
05.593237
04.730333
24.789220
06.970273
02.458195
05.459907
03.041776
02.201088
