00.248709
00.209221
00.221999
00.261267
00.194915
00.245520
00.237574
00.266585
00.222682
00.251586
00.247167
00.258594
00.217375
00.242663
00.186549
00.264470
00.214113
00.294505
00.217760
00.270417
00.228861
00.283336
00.328222
00.247891
00.200615
00.242581
00.250442
00.175578
00.234488
00.221027
00.264678
00.223340
00.305357
00.285834
00.284011
00.184324
00.361177
00.233045
00.268292
00.249999
00.285133
00.266840
00.240033
00.218706
00.245637
00.273671
00.225265
00.203590
00.290029
00.260610
00.238356
00.238605
00.289006
00.282715
00.275202
00.277548
00.300425
00.295353
00.290769
00.237427
00.228921
00.257641
00.310206
00.356176
00.301231
00.262284
00.201488
00.238641
00.256466
00.327320
00.307118
00.277897
00.347918
00.315015
00.307841
00.341002
00.285534
00.410634
00.223261
00.231174
00.309303
00.326755
00.264278
00.289749
00.329831
00.277963
00.257856
00.284824
00.269002
00.320861
00.302970
00.247675
00.301564
00.258035
00.282182
00.291406
00.328389
00.306619
00.221515
00.343457
