00.919716
00.819733
00.840197
00.809189
00.804804
00.867877
00.825203
00.984487
00.901640
01.006612
00.683726
00.581073
00.597495
00.560333
00.699981
00.675517
00.744061
00.821065
00.799751
00.780311
00.818560
00.872812
00.838217
00.969198
00.866260
00.977272
00.755359
00.854883
00.850772
00.697838
00.579761
00.769428
00.781122
00.761676
00.696802
00.844149
00.898287
00.887227
00.862487
00.798716
00.918616
00.927316
00.803645
00.705409
00.948419
00.784998
00.845236
00.906681
00.786401
00.718356
01.185013
01.093580
02.245875
01.384999
01.094656
02.311887
02.296803
02.456290
02.854434
01.134050
02.959218
03.065692
03.268698
02.977875
02.137190
02.310974
02.380616
02.530049
02.646452
02.587849
02.768967
03.198826
03.216284
03.064957
02.226260
02.434796
02.500394
02.644586
02.819630
03.179690
03.204968
02.839452
02.656886
02.507332
02.622628
02.896965
02.499248
02.554857
02.726630
02.902706
03.031201
02.464126
02.600653
02.696107
02.671805
02.685041
03.035505
02.725214
02.110243
02.298067
