02.614355
02.750187
02.603100
02.661116
02.979777
03.076486
02.808651
02.943715
03.017416
02.927575
03.006824
03.239363
02.787729
03.082269
03.249161
03.055560
02.958974
03.353670
03.063316
02.858407
02.987183
02.696969
03.117600
03.386111
03.166135
02.718818
02.890995
02.654071
02.773989
03.198327
03.148111
04.517498
41.726510
09.303835
51.553090
24.853114
24.228420
31.422583
07.766863
46.409536
49.846713
35.349441
42.473755
48.265554
47.466544
47.423661
49.991520
53.382186
47.033173
47.224604
46.623850
43.488660
19.911430
01.048815
01.190441
01.178713
01.189609
01.287598
01.377454
01.278697
01.187683
01.092035
01.090056
01.087883
01.189981
01.178731
01.189028
01.285776
01.290002
01.195320
01.188957
01.094872
01.173001
01.098218
01.283656
01.092788
01.095891
01.283075
01.276672
01.178914
01.278958
01.186328
01.188208
01.190732
01.178690
01.192427
01.069559
01.089589
01.191687
01.185866
01.284879
01.182717
01.187998
01.182046
01.086808
01.170198
01.293253
01.271310
01.098956
01.277933
