00.248139
00.309920
00.330713
00.292920
00.319416
00.293863
00.392616
00.347123
00.464977
00.445626
00.318531
00.304714
00.414226
00.359859
00.430576
00.460384
00.414616
00.512570
00.436846
00.436074
00.454972
00.339220
00.439136
00.462374
00.421870
00.366442
00.432118
00.474159
00.474174
00.516451
00.492546
00.417857
00.478808
00.476743
00.535582
00.416736
00.399390
00.460393
00.502332
00.601725
00.530607
00.488277
00.389928
00.496405
00.573375
00.331967
00.466448
00.556205
00.433587
00.380265
00.518388
00.548631
00.414702
00.422350
00.550480
00.559476
00.549842
00.545335
00.512885
00.542237
00.423336
00.473644
00.460226
00.475913
00.437282
00.529894
00.346527
00.489699
00.370988
00.472989
00.406735
00.405094
00.493266
00.306297
00.428581
00.479517
00.419262
00.441417
00.397383
00.521127
00.452166
00.494865
00.476782
00.450901
00.606328
00.409045
00.510637
00.370167
00.499971
00.456530
00.421846
00.531444
00.472629
00.550349
00.378701
00.515662
00.438601
00.533571
00.402126
00.476674
