00.219724
00.374223
00.249321
00.309800
00.365844
00.359429
00.317345
00.361486
00.324102
00.350665
00.361259
00.239465
00.268380
00.376931
00.299395
00.341137
00.361360
00.347647
00.395763
00.288210
00.416736
00.346807
00.410698
00.380158
00.386714
00.449959
00.401183
00.357184
00.439787
00.441048
00.356813
00.408003
00.437778
00.419452
00.506511
00.460885
00.390010
00.396451
00.377073
00.436073
00.353804
00.259868
00.315889
00.357397
00.404150
00.403512
00.358858
00.400442
00.408835
00.235492
00.363668
00.387999
00.431632
00.369316
00.436193
00.374780
00.405729
00.464657
00.379667
00.436880
00.346926
00.392601
00.390200
00.388218
00.345785
00.381215
00.329055
00.412408
00.251016
00.408670
00.434923
00.463635
00.354535
00.477786
00.407892
00.319870
00.434092
00.418615
00.406513
00.486741
00.489233
00.353383
00.336935
00.431641
00.453751
00.487536
00.424300
00.456971
00.405377
00.420045
00.493343
00.334318
00.475386
00.448131
00.295527
00.460698
00.386919
00.404198
00.304158
00.289785
