01.382960
01.417056
01.483271
01.954431
01.955171
01.693273
01.949340
02.897253
02.239834
04.351423
03.233863
03.987235
06.364925
05.771984
04.540160
03.777685
03.814418
04.117491
04.214721
04.047763
05.263863
04.105496
03.958912
03.010867
02.904435
03.614973
03.984763
04.366655
03.892610
04.103802
04.327336
04.243681
03.374780
05.654810
05.627461
05.292577
04.589762
05.514798
04.953140
05.658186
04.846628
03.317645
06.088055
07.354236
05.871046
06.549584
06.314251
05.711483
05.711208
03.795562
05.010093
04.179171
05.625476
07.034091
05.040187
04.122061
04.895608
04.195847
03.258464
04.246294
03.821761
03.425725
03.276655
03.230206
03.989095
03.360800
02.945212
03.036650
05.029902
03.097915
03.145937
02.605352
03.566066
02.992380
03.900099
05.209736
03.668481
03.500586
03.014779
03.026656
03.436546
03.116440
03.367680
03.478222
03.794148
03.230730
03.821886
05.135408
05.275974
04.457969
06.618296
05.097258
04.753562
03.748920
05.844089
05.175010
04.450210
03.564917
03.890940
04.310280
