00.174343
00.296495
00.311183
00.329266
00.360518
00.320460
00.326806
00.347471
00.319237
00.351889
00.342360
00.365502
00.361187
00.315142
00.345908
00.342821
00.325425
00.362655
00.283387
00.365673
00.392239
00.367260
00.352745
00.303570
00.354318
00.302730
00.287327
00.393669
00.327337
00.463471
00.411030
00.417635
00.312237
00.424719
00.432493
00.319833
00.381412
00.313514
00.384427
00.280606
00.387523
00.357630
00.319423
00.254059
00.410391
00.392134
00.393067
00.387150
00.388735
00.370905
00.406114
00.314678
00.454877
00.438506
00.418188
00.466888
00.386483
00.424122
00.344390
00.386120
00.378533
00.473636
00.369234
00.443846
00.390161
00.364527
00.486827
00.429288
00.426635
00.447353
00.361771
00.313337
00.440997
00.407134
00.329844
00.392839
00.387670
00.372342
00.429982
00.413071
00.385032
00.348356
00.401377
00.380762
00.310288
00.393206
00.380658
00.399886
00.461427
00.240225
00.271794
00.395205
00.363877
00.330229
00.323605
00.456449
00.466823
00.365917
00.323893
00.340907
