00.344917
00.543890
00.681516
00.791995
00.645458
00.900176
00.910904
01.008699
00.511154
00.724439
00.761128
00.781760
00.751109
00.575731
00.767995
00.617173
00.612767
00.908558
00.755347
00.715431
00.660012
00.713115
00.573788
00.554109
00.575573
00.506008
00.851981
00.888083
00.728183
00.810123
00.750304
01.122374
00.609744
00.866845
00.931508
00.648953
01.277784
01.249308
00.742811
00.863185
00.404549
00.749038
00.737780
00.582477
00.962851
00.794305
00.728019
00.876751
00.997417
00.525216
01.118511
01.361277
00.918106
01.055529
00.735582
00.721184
00.673069
00.824983
00.735853
00.752556
00.786333
00.649039
00.747022
00.822432
01.087215
00.972085
00.756143
00.851679
00.768826
00.669451
00.799981
00.960105
00.644058
01.190629
01.086883
01.023583
01.050027
01.020469
00.848726
01.108978
00.920321
00.884300
00.751619
00.455398
01.007758
01.000788
00.739471
00.694102
00.797905
00.578286
00.810415
00.876489
00.657673
00.819963
01.158874
00.769479
00.731154
00.746601
00.635055
00.703125
