02.211393
04.621524
07.520543
09.119777
07.922399
07.354617
08.971715
07.212147
09.512579
10.739683
10.301908
07.202266
06.216818
07.173850
09.721479
08.664516
07.257224
07.673139
09.092303
09.223867
07.613859
06.776191
11.988892
08.205454
09.080259
08.994500
07.055822
08.632612
06.741343
10.089567
07.790965
07.574261
09.714703
08.067575
08.491011
11.679493
08.890675
08.137442
09.497268
09.422147
09.394310
13.291551
10.100507
09.457285
09.218009
09.806868
10.619335
09.698473
11.211284
08.555706
12.313842
10.068164
11.163072
09.101174
09.499671
06.804144
07.729567
08.055198
07.745022
08.646275
11.705517
11.462681
10.704353
11.131812
13.283067
07.580021
09.369392
10.666023
09.600122
08.353521
08.780866
11.301179
08.985024
10.403893
10.464076
12.021519
13.070836
08.120273
09.074956
09.520279
10.863068
13.043652
08.058101
08.845237
06.597776
07.031131
09.695932
10.439640
08.449793
09.951349
10.275951
07.652267
08.406339
01.589495
01.280282
01.291955
01.391559
01.293417
01.193054
01.189727
