00.138607
00.125249
00.106967
00.202351
00.135640
00.165884
00.143597
00.116813
00.149364
00.186347
00.128249
00.220010
00.170116
00.089791
00.161394
00.231737
00.175265
00.166050
00.134629
00.161119
00.136785
00.127876
00.100028
00.137959
00.103204
00.112880
00.152964
00.102850
00.104922
00.073828
00.206991
00.147987
00.214941
00.123464
00.169469
00.210051
00.105657
00.126920
00.088068
00.107268
00.136635
00.143065
00.132354
00.142808
00.224053
00.162226
00.117393
00.084478
00.199503
00.154093
00.183143
00.125355
00.197157
00.114683
00.164461
00.088184
00.062026
00.079279
00.139783
00.103017
00.147726
00.273654
00.123402
00.119525
00.102879
00.064645
00.151340
00.110207
00.113959
00.093885
00.136930
00.116043
00.106326
00.180504
00.131258
00.069761
00.165948
00.177659
00.140819
00.166887
00.114965
00.125173
00.128380
00.100110
00.114276
00.135282
00.147950
00.235283
00.146371
00.121359
00.152596
00.109585
00.139690
00.238334
00.191777
00.135829
00.119791
00.148152
00.212743
00.239827
