00.172995
00.169666
00.156931
00.123770
00.110820
00.143645
00.250321
00.150622
00.100475
00.186532
00.228000
00.154561
00.091746
00.155812
00.126321
00.106890
00.120782
00.090211
00.116974
00.069807
00.152607
00.175819
00.091607
00.099171
00.097865
00.166462
00.085051
00.098510
00.154126
00.156774
00.089592
00.175568
00.139895
00.104076
00.160536
00.108038
00.102238
00.139346
00.144547
00.116497
00.117933
00.126477
00.135957
00.084540
00.117752
00.140649
00.108839
00.163959
00.116832
00.175262
00.100469
00.091816
00.100403
00.190162
00.141719
00.219782
00.098682
00.107451
00.157492
00.133756
00.116521
00.103575
00.140060
00.108760
00.116802
00.134113
00.127590
00.183109
00.196751
00.057546
00.138058
00.121044
00.176973
00.130455
00.185204
00.119923
00.154637
00.123655
00.103235
00.160066
00.093626
00.100959
00.127180
00.206942
00.093446
00.121580
00.092980
00.094059
00.125730
00.146635
00.086172
00.150392
00.090519
00.120483
00.163256
00.157305
00.120388
00.074443
00.120516
00.160618
