01.049855
01.047302
01.254017
00.866137
01.403808
01.215625
01.123145
01.099603
00.884820
00.930079
01.179860
01.060098
01.223634
01.378635
01.134768
01.144070
01.003313
01.296647
01.086507
01.198752
01.609606
01.226376
00.921671
01.083113
01.095031
00.967145
01.160179
01.024085
00.936874
01.022648
01.035112
01.498040
01.037565
01.538542
01.419071
01.092935
01.093943
01.296809
01.520692
01.104625
01.470342
01.089713
01.153538
00.812977
01.179880
01.536161
01.460192
01.312354
01.076978
00.900535
01.177979
01.002859
01.117062
00.933340
01.348689
01.508027
01.176177
01.116887
01.344928
01.254825
01.300033
01.388600
01.382298
00.913584
01.206507
01.697155
00.939820
01.198075
01.379722
01.123686
01.096756
01.302641
01.394331
00.930655
00.910257
01.401310
01.232370
01.111037
01.365810
01.514191
01.096855
01.101574
01.280095
01.096583
01.368592
01.229402
01.264444
01.019085
01.174859
01.227526
01.628410
01.288703
01.346726
01.166354
01.025903
01.245824
01.201830
01.126602
01.453873
01.231309
