00.156377
00.142732
00.087561
00.099303
00.127804
00.116815
00.086292
00.117598
00.062262
00.113754
00.080709
00.124770
00.286086
00.094352
00.133996
00.142933
00.110384
00.148720
00.142114
00.143927
00.116661
00.080700
00.114356
00.080786
00.384122
00.172954
00.092712
00.190012
00.103946
00.104074
00.145484
00.094316
00.100313
00.124488
00.303456
00.103328
00.164476
00.094762
00.090006
00.110703
00.047448
00.087159
00.170182
00.075360
00.061899
00.112719
00.138437
00.097406
00.116513
00.152421
00.131100
00.109948
00.135621
00.117663
00.110823
00.123603
00.083494
00.100591
00.123991
00.114103
00.106829
00.097898
00.114183
00.136948
00.207373
00.109976
00.137852
00.133764
00.182112
00.084015
00.146774
00.127471
00.081517
00.077234
00.116629
00.110164
00.137124
00.130866
00.199924
00.070650
00.113715
00.120363
00.146599
00.184059
00.140812
00.153195
00.141080
00.125759
00.120456
00.303137
00.087088
00.088352
00.123487
00.141379
00.153254
00.078240
00.133812
00.158850
00.239414
00.164566
