00.284904
00.148160
00.243299
00.221718
00.356709
00.274076
00.163399
00.417088
00.284493
00.251363
00.160614
00.147997
00.170220
00.332941
00.272441
00.383575
00.257684
00.258448
00.272978
00.252798
00.235423
00.322004
00.414687
00.314088
00.194710
00.218983
00.264806
00.307598
00.223720
00.290774
00.277992
00.211349
00.213786
00.427922
00.288195
00.186655
00.322526
00.245446
00.200875
00.185258
00.132253
00.334151
00.115446
00.223965
00.243383
00.182848
00.200788
00.171443
00.400010
00.314460
00.275988
00.332779
00.238407
00.183334
00.497207
00.317161
00.354623
00.303019
00.290309
00.229334
00.143061
00.282483
00.201777
00.124765
00.155808
00.230005
00.176304
00.160739
00.172139
00.309964
00.327053
00.256387
00.329755
00.218207
00.247393
00.337994
00.302075
00.341567
00.259983
00.349061
00.213794
00.329061
00.201801
00.245860
00.247324
00.299649
00.128076
00.241482
00.299499
00.209507
00.198588
00.279756
00.345509
00.369022
00.268931
00.178788
00.324403
00.326035
00.232011
00.263375
