02.146930
01.884374
02.354247
01.770047
01.571993
02.187512
02.236316
02.325588
02.037279
01.963248
02.330202
02.202663
02.113218
02.869734
02.083778
02.076770
02.301794
02.204165
02.027188
02.318615
02.203182
01.932282
01.993276
02.168410
02.120286
01.996736
02.659771
02.159527
02.383120
02.233230
02.313520
02.071828
02.653866
01.793951
01.813599
02.042882
02.257143
02.629431
02.475458
01.965998
02.043047
01.979854
02.206996
02.016817
02.188985
02.085057
02.003884
02.511575
01.926238
01.864570
01.824004
02.100072
02.410852
02.038068
02.424861
01.789974
02.383515
02.104023
02.200262
02.234962
02.078045
01.803573
01.966295
02.510318
02.695866
02.075905
01.628851
02.594875
02.243481
02.501569
01.968007
02.507803
02.399784
01.826262
01.951254
02.102329
02.451251
02.230065
02.049996
02.464266
02.211664
02.310952
01.504049
02.086664
02.384069
01.966610
02.072753
02.167121
02.774530
02.316811
01.800516
02.322754
02.124908
02.321032
02.294688
02.023154
02.716616
02.191724
02.533607
02.723464
