00.347394
00.391004
00.373164
00.305530
00.365377
00.266188
00.295942
00.362833
00.279485
00.315532
00.296510
00.350633
00.432361
00.399749
00.252866
00.288608
00.413142
00.426282
00.299223
00.405678
00.287020
00.445904
00.445399
00.454990
00.295866
00.378773
00.390743
00.315377
00.334584
00.393594
00.458409
00.390912
00.377520
00.292078
00.417135
00.469361
00.405788
00.493560
00.345783
00.374594
00.358791
00.346455
00.371587
00.503738
00.349404
00.422737
00.312404
00.337953
00.430076
00.337226
00.471608
00.342087
00.368354
00.505770
00.364551
00.411330
00.319224
00.418521
00.383309
00.465589
00.541094
00.375898
00.382497
00.380762
00.407019
00.389706
00.369482
00.438506
00.288033
00.375555
00.368087
00.417280
00.387568
00.426872
00.362055
00.391973
00.362122
00.329045
00.421436
00.392555
00.349790
00.454615
00.414282
00.389292
00.499844
00.300547
00.349399
00.427180
00.420828
00.410367
00.445805
00.480991
00.273095
00.430329
00.294967
00.339074
00.328042
00.392966
00.199892
00.418977
