00.279612
00.253803
00.121706
00.166987
00.206712
00.144997
00.213610
00.114552
00.140201
00.169955
00.182606
00.189218
00.190583
00.191142
00.166736
00.089658
00.138245
00.114445
00.146044
00.129759
00.135233
00.129203
00.189788
00.102754
00.151003
00.129054
00.141143
00.216255
00.206873
00.114696
00.177959
00.126757
00.144710
00.146605
00.157396
00.164838
00.183422
00.113853
00.236026
00.181808
00.122167
00.111453
00.167061
00.164842
00.141985
00.136747
00.229467
00.174274
00.174592
00.148867
00.183625
00.185512
00.157208
00.118346
00.149162
00.194452
00.103215
00.163993
00.146391
00.147791
00.180359
00.126419
00.121601
00.130107
00.154653
00.147843
00.195784
00.134444
00.184006
00.130978
00.148180
00.120653
00.096562
00.152176
00.152592
00.141798
00.127005
00.141863
00.149488
00.179879
00.195856
00.150193
00.136571
00.151331
00.170150
00.141536
00.156713
00.181187
00.129699
00.155052
00.203134
00.137285
00.181354
00.115288
00.230189
00.176371
00.234297
00.174789
00.183233
00.128344
