01.808791
02.858372
02.798507
02.784152
02.551306
02.284604
03.396553
02.322006
02.940690
02.469621
02.958073
03.707995
02.289849
03.496205
02.697617
02.139807
03.472262
02.879304
02.804381
02.575809
04.407059
02.835691
02.812022
04.060848
03.398118
02.110342
02.467330
01.917364
02.100504
03.247418
04.059127
02.295616
04.300995
01.770590
02.422320
04.178328
04.350405
02.661807
02.639467
03.575847
02.721541
02.295951
02.774424
02.800167
01.818338
03.682171
02.763067
02.073899
03.855135
02.769454
02.643417
04.064308
02.097567
03.142965
03.365725
02.371896
02.686971
03.900101
02.129844
01.953765
04.201134
02.674717
02.898736
04.320545
02.376354
01.872863
04.173313
03.473300
03.098174
02.239223
02.323615
04.270010
04.348823
02.957706
02.582227
03.494120
03.283614
04.253244
04.363539
02.911916
03.066232
03.577174
04.437833
02.916753
02.412784
02.902010
02.738712
03.847803
02.888890
02.776777
04.195042
03.857619
03.110101
02.586217
02.054714
02.589449
01.952416
03.788202
01.827493
02.544154
