00.368052
00.343957
00.285943
00.298503
00.272929
00.256435
00.363872
00.262595
00.274141
00.288136
00.371842
00.320404
00.369906
00.342162
00.299994
00.207213
00.310972
00.257309
00.312636
00.342969
00.278443
00.278775
00.300251
00.384510
00.361157
00.388223
00.329908
00.354944
00.351423
00.393251
00.353919
00.265224
00.371525
00.365080
00.358444
00.349281
00.182398
00.420463
00.417601
00.368392
00.322973
00.236033
00.318712
00.371495
00.316899
00.351417
00.388883
00.283291
00.282426
00.398755
00.360737
00.368229
00.314094
00.298272
00.377597
00.301763
00.358711
00.457336
00.407627
00.279857
00.293717
00.426092
00.438596
00.340284
00.197637
00.403924
00.363703
00.273895
00.320843
00.343083
00.376588
00.303940
00.428683
00.284999
00.396189
00.443206
00.318760
00.342779
00.479848
00.342987
00.432985
00.338039
00.345028
00.403834
00.281951
00.435687
00.295726
00.440140
00.404211
00.435228
00.330147
00.331641
00.266402
00.305402
00.394273
00.298868
00.458941
00.261734
00.310220
00.357795
