00.538132
00.574327
00.416940
00.561051
00.750202
00.667629
00.575899
00.586491
00.639380
00.775478
00.592391
00.666462
00.655106
00.537849
00.684375
00.671761
00.696933
00.720943
00.744573
00.651973
00.803304
00.547080
00.745965
00.719096
00.684041
00.521286
00.590418
00.582532
00.808993
00.636493
00.481499
00.721810
00.733228
00.690984
00.767905
00.712947
00.413997
00.679267
00.629494
00.709553
00.484038
00.845166
00.522986
00.574915
00.678702
00.636119
00.592655
00.599361
00.711799
00.785047
00.690347
00.677310
00.508031
00.784975
00.649120
00.419039
00.585257
00.650659
00.829774
00.787696
00.777822
00.772083
00.571770
00.710044
00.649291
00.711601
00.676622
00.519032
00.599818
00.712411
00.874732
00.553563
00.741528
00.443053
00.850259
00.902473
00.504370
00.818052
00.572951
00.757384
00.561947
00.563135
00.835206
00.685914
00.555248
00.629375
00.726621
00.607798
00.663576
00.658453
00.555062
00.675709
00.607360
00.566021
00.635906
00.615504
00.691889
00.717651
00.638179
00.695613
