03.260721
03.489151
03.725958
03.487026
06.375368
03.952976
04.793419
06.084775
05.063338
04.670735
05.651064
05.225073
03.444292
06.482039
06.303130
04.810015
04.547259
06.523070
07.148945
03.886875
03.902038
05.749736
04.191882
04.690906
04.932724
04.186204
07.102832
05.373189
05.326844
05.216289
08.152929
03.981781
07.749554
04.094878
07.599633
04.904104
04.585153
03.893474
04.083167
04.440193
03.825414
03.772340
04.099004
05.069277
05.578948
03.914238
04.342480
04.420721
06.418619
04.806768
04.942348
05.552485
04.643293
07.710651
05.242410
04.802658
04.477093
05.899917
06.324226
04.323989
03.989245
04.461430
06.063214
04.562498
04.174090
04.062460
03.519730
03.867401
03.178937
06.765952
03.451455
04.512431
05.329036
05.003144
07.037052
05.990524
04.313824
08.145671
05.277615
04.700321
05.741258
04.353536
05.137692
03.825845
04.191565
04.875056
04.181130
04.500474
03.848476
04.031924
04.406973
06.258649
04.398434
04.673248
04.137067
06.008091
04.814685
05.194968
04.810960
05.101895
