00.193412
00.167775
00.255854
00.171219
00.135811
00.237686
00.204462
00.199335
00.136435
00.151175
00.366784
00.167750
00.150652
00.231013
00.177859
00.197081
00.263182
00.239425
00.177749
00.189134
00.147040
00.147109
00.179416
00.222306
00.222956
00.163591
00.171326
00.202680
00.155165
00.159954
00.232187
00.205443
00.145870
00.395290
00.144529
00.155990
00.182518
00.220443
00.165201
00.172606
00.189571
00.186285
00.180620
00.157471
00.169957
00.204259
00.153608
00.226346
00.225113
00.335202
00.289523
00.236902
00.194060
00.248322
00.160876
00.183597
00.162352
00.272611
00.712889
00.040692
00.039426
00.037071
00.037884
00.036250
00.038851
00.041429
00.039352
00.039634
00.042212
00.040390
00.042305
00.043936
00.037354
00.036688
00.039512
00.039464
00.038957
00.037002
00.039735
00.037990
00.033808
00.038235
00.036971
00.041260
00.040447
00.039296
00.037930
00.036971
00.041443
00.038394
00.041021
00.038446
00.038179
00.036668
00.034805
00.041728
00.034294
00.035608
00.039316
00.039623
