00.116609
00.168511
00.161040
00.125248
00.121336
00.121697
00.141002
00.135570
00.101338
00.137425
00.107090
00.130104
00.117599
00.104257
00.177830
00.122803
00.170683
00.152552
00.127118
00.192643
00.114608
00.120786
00.153950
00.183844
00.097476
00.200844
00.129982
00.174103
00.176392
00.168983
00.119578
00.165109
00.119000
00.117873
00.129421
00.127950
00.156602
00.183317
00.191564
00.173903
00.150414
00.173063
00.127465
00.134622
00.151053
00.114786
00.146796
00.219814
00.113092
00.119854
00.131102
00.187330
00.157329
00.150000
00.107972
00.143584
00.142940
00.103092
00.149900
00.122948
00.040462
00.041227
00.036850
00.038737
00.032892
00.034736
00.034662
00.031404
00.034088
00.035546
00.036036
00.034203
00.034805
00.039830
00.031481
00.036496
00.033139
00.034965
00.035581
00.035388
00.039893
00.034198
00.035652
00.035340
00.036362
00.032745
00.036377
00.035351
00.034513
00.041263
00.040900
00.041429
00.035297
00.038860
00.042376
00.038413
00.037387
00.038670
00.040765
00.038767
