00.696478
01.045040
00.906673
00.820137
01.013044
00.915032
00.969989
01.273725
00.853437
01.010345
00.885782
00.960336
01.033275
01.013608
01.115071
01.045311
00.909874
01.024232
00.957036
00.989790
01.060781
01.060820
00.908514
01.196990
01.303337
01.093440
01.236484
01.162037
01.250785
00.936744
01.261843
01.205578
01.260694
01.048984
01.226280
01.115765
01.220014
01.130169
01.083244
00.961118
00.589602
00.499119
00.681717
00.593549
00.489983
00.594496
00.585028
00.683461
00.506839
00.476025
00.601218
00.486097
00.493329
00.585146
00.591991
00.492823
00.586331
00.488991
00.488297
00.586774
00.495237
00.494103
00.586188
00.587529
00.497298
00.590074
00.505695
00.581345
00.587569
00.592107
00.486210
00.692752
00.599082
00.487583
00.487484
00.490004
00.491178
00.594032
00.586040
00.491748
00.587139
00.687040
00.386914
00.591180
00.498688
00.481398
00.593316
00.580345
00.602817
00.578120
00.495489
00.582484
00.491102
00.598812
00.596230
00.590252
00.496578
00.490281
00.582414
00.595314
