00.257722
00.321441
00.450432
00.295320
00.267935
00.309202
00.363838
00.424359
00.422681
00.374167
00.445585
00.383707
00.353179
00.429011
00.401509
00.336411
00.220530
00.497901
00.434240
00.257439
00.315157
00.406385
00.407238
00.407028
00.464746
00.248666
00.357504
00.370791
00.326147
00.385791
00.253511
00.419761
00.389209
00.380046
00.414932
00.272349
00.446321
00.236710
00.326083
00.275535
00.371915
00.325157
00.327533
00.360588
00.443096
00.455860
00.367072
00.505848
00.348067
00.294110
00.366536
00.420016
00.413350
00.404795
00.398374
00.345411
00.242955
00.335005
00.410026
00.308780
00.386439
00.359709
00.418104
00.338111
00.214836
00.384525
00.315689
00.416360
00.425470
00.277751
00.325768
00.252154
00.381210
00.316742
00.337910
00.305791
00.277401
00.359228
00.384922
00.317905
00.388207
00.320624
00.488681
00.245078
00.311166
00.354880
00.289585
00.305503
00.319074
00.322651
00.359555
00.238592
00.280125
00.399584
00.305464
00.327958
00.337260
00.345907
00.270055
00.326011
