00.313178
00.315952
00.343381
00.350417
00.331390
00.352647
00.253218
00.402107
00.290653
00.313749
00.372999
00.258813
00.370485
00.399606
00.335700
00.349665
00.350626
00.342329
00.366795
00.324712
00.296019
00.374226
00.384333
00.294771
00.341457
00.366114
00.547901
00.449659
00.363325
00.386848
00.453809
00.392955
00.364271
00.392818
00.464510
00.371408
00.334388
00.439359
00.413996
00.513562
00.419818
00.362991
00.393124
00.446305
00.342222
00.426493
00.386448
00.460107
00.390030
00.433273
00.677942
00.400417
00.381481
00.049019
00.040388
00.046027
00.097411
00.091717
00.085045
00.086018
00.095519
00.047088
00.047848
00.075271
00.045199
00.042334
00.044955
00.039722
00.098397
00.088890
00.045161
00.043377
00.043589
00.037894
00.040399
00.043956
00.049486
00.095585
00.040803
00.051348
00.044662
00.045329
00.048237
00.047608
00.046813
00.063435
00.092803
00.041243
00.046221
00.038627
00.051589
00.065841
00.094426
00.041082
00.042893
00.082315
00.043754
00.047141
00.080548
00.090142
