01.776514
01.509694
01.668954
01.712930
02.054404
01.874680
01.731567
01.690946
01.875754
01.694724
02.094081
01.850061
02.008412
01.813343
01.770515
01.683923
01.801013
01.788278
01.605554
01.958948
01.761179
02.091948
02.219126
02.304594
02.026982
02.149960
02.040020
01.660361
01.821833
01.738450
01.299835
01.182349
01.093553
01.281791
01.089311
01.096236
01.081954
01.285435
01.098076
00.984354
00.890419
01.179537
01.200088
01.185940
01.192980
01.184747
01.185249
01.187204
01.098157
01.185879
01.187169
01.287194
01.197516
01.189482
01.278718
01.096537
00.993652
01.195166
00.901255
01.301337
01.083950
01.183628
01.192353
01.286846
01.101524
00.884189
01.089400
00.991833
01.183630
01.189871
01.193191
01.087791
01.193439
01.097893
01.179696
01.093276
01.084565
01.086539
00.896009
01.185557
01.185918
01.087453
01.304910
01.084519
01.090572
01.277074
01.086980
01.000078
00.996421
01.103180
01.088421
00.981623
01.197052
01.089145
01.085898
00.991576
01.093090
01.187011
00.980337
01.195285
