00.174887
00.106515
00.125499
00.116752
00.166171
00.245272
00.183346
00.141284
00.143864
00.124797
00.229637
00.302825
00.165445
00.170344
00.178380
00.148225
00.156625
00.180182
00.184558
00.142919
00.200295
00.161649
00.125219
00.222405
00.130309
00.175038
00.165921
00.206338
00.241662
00.174365
00.191078
00.132837
00.167502
00.204366
00.166274
00.187465
00.202582
00.175711
00.160402
00.190723
00.165571
00.230941
00.158518
00.233547
00.209752
00.218204
00.188494
00.161813
00.140324
00.206221
00.141414
00.250810
00.259562
00.173093
00.192919
00.153579
00.206543
00.195944
00.270853
00.041446
00.038108
00.036929
00.036489
00.037851
00.036940
00.036052
00.034561
00.038564
00.037904
00.040633
00.040352
00.042854
00.033944
00.034877
00.036946
00.039455
00.036077
00.041249
00.036617
00.038292
00.033874
00.036825
00.034890
00.035846
00.036621
00.037386
00.041946
00.036034
00.035900
00.038377
00.041620
00.037492
00.038439
00.035404
00.038651
00.037221
00.036263
00.042553
00.035506
00.038340
