00.227984
00.297698
00.227178
00.207717
00.259736
00.314237
00.258395
00.200085
00.259468
00.273519
00.245714
00.363402
00.290415
00.275656
00.307231
00.247651
00.264185
00.236905
00.281082
00.254193
00.276783
00.235318
00.315415
00.241075
00.185414
00.307741
00.258167
00.262347
00.298216
00.219238
00.237157
00.237781
00.267739
00.304769
00.266013
00.264146
00.309346
00.250420
00.256154
00.263507
00.266312
00.296850
00.280788
00.293626
00.342937
00.245989
00.243765
00.241738
00.362294
00.393223
00.256569
00.251533
00.231863
00.270132
00.271011
00.237813
00.300154
00.281013
00.286715
00.337859
00.279228
00.293827
00.234057
00.344218
00.318385
00.227920
00.197542
00.293827
00.330199
00.312614
00.320126
00.316243
00.281548
00.234639
00.313124
00.334205
00.257225
00.239126
00.176610
00.360870
00.230027
00.241788
00.318104
00.209319
00.241104
00.306533
00.317381
00.323336
00.301410
00.241573
00.336423
00.327838
00.277226
00.214665
00.253932
00.325933
00.313670
00.338290
00.297772
00.265694
