03.937719
00.900554
00.820040
00.898069
00.881369
00.871117
00.930618
00.961893
00.975980
01.151411
01.114814
01.080496
00.924187
01.028123
00.941817
01.206097
01.178895
01.073997
01.208333
01.080277
00.941888
00.855829
00.983223
01.056170
01.130087
01.079035
01.102655
01.129604
01.039803
01.024478
00.909522
00.879742
01.148635
01.117955
01.028461
00.990237
01.146325
01.054169
01.010144
00.510179
00.595844
00.596351
00.504111
00.587955
00.494440
00.575934
00.588908
00.402141
00.576024
00.593606
00.687885
00.502343
00.589602
00.591453
00.503153
00.600882
00.695883
00.490039
00.506895
00.495462
00.691279
00.488718
00.683621
00.588079
00.489849
00.594762
00.486674
00.700230
00.488606
00.582692
00.693029
00.485196
00.591269
00.590059
00.593718
00.506495
00.583077
00.596066
00.599478
00.484752
00.595337
00.678981
00.502318
00.492124
00.579367
00.588026
00.697178
00.493309
00.583322
00.488637
00.485651
00.603245
00.499240
00.592465
00.582666
00.500294
00.592276
00.596758
00.588911
00.681261
