00.124003
00.129816
00.140609
00.183623
00.161660
00.131019
00.121639
00.090820
00.125703
00.080397
00.126012
00.110853
00.115537
00.123378
00.130589
00.160641
00.113724
00.123735
00.119351
00.166663
00.130462
00.120417
00.114605
00.146920
00.105288
00.172529
00.194323
00.130868
00.128485
00.137824
00.149098
00.136800
00.126821
00.097058
00.122018
00.098903
00.120971
00.120808
00.156490
00.156010
00.124098
00.164687
00.127479
00.114699
00.149131
00.177092
00.122497
00.143860
00.137841
00.131609
00.221539
00.128481
00.101526
00.150656
00.128537
00.219730
00.122768
00.118688
00.163841
00.122764
00.799876
00.035410
00.036328
00.031804
00.035282
00.033343
00.041148
00.035778
00.034488
00.036067
00.035823
00.038210
00.035061
00.039001
00.035395
00.031981
00.031317
00.035236
00.039583
00.037743
00.036264
00.042110
00.031551
00.041264
00.039506
00.032767
00.036743
00.033902
00.037981
00.035913
00.036057
00.038023
00.032406
00.036507
00.037040
00.043241
00.036284
00.037419
00.035787
00.034068
