00.715561
00.192750
00.280028
00.300955
00.265235
00.357218
00.350278
00.411743
00.359296
00.325466
00.321009
00.453619
00.430756
00.368930
00.373023
00.347732
00.386759
00.394188
00.426502
00.311912
00.374264
00.531334
00.318817
00.413590
00.390204
00.333631
00.404613
00.372280
00.391325
00.404468
00.534137
00.375774
00.528406
00.477332
00.353435
00.439686
00.433907
00.462066
00.443058
00.393395
00.319755
00.368856
00.330676
00.454112
00.442863
00.416732
00.542371
00.439523
00.548654
00.372595
00.301774
00.395505
00.724387
00.043341
00.068417
00.042055
00.039202
00.041638
00.093492
00.096511
00.086453
00.040985
00.090725
00.042516
00.051588
00.083102
00.041914
00.045282
00.046854
00.051482
00.044578
00.042247
00.052613
00.093471
00.088076
00.048812
00.046184
00.076657
00.083432
00.099554
00.052259
00.045004
00.047317
00.085241
00.048418
00.052559
00.065609
00.093831
00.082885
00.094479
00.088395
00.086424
00.050972
00.095744
00.043208
00.054773
00.074285
00.042704
00.049055
00.038753
