01.417530
01.332126
01.534597
01.346514
01.564206
01.869994
01.819782
01.910557
01.777824
01.850551
01.675110
01.844038
01.494710
01.814146
01.600041
01.703850
01.738822
01.694741
02.056503
02.080427
01.938508
01.705795
01.743592
01.786376
02.094779
01.813420
01.870247
02.296602
02.052851
01.656735
02.031047
01.056373
01.006751
01.193206
01.101376
01.176320
01.099406
01.005887
00.982869
01.087610
01.193300
01.202019
01.178448
01.099931
00.982879
00.897243
01.095623
01.182145
01.289182
01.191195
01.199175
01.185754
01.083090
01.193124
01.193137
01.176596
01.192585
01.095007
01.187084
01.093480
00.997950
01.194988
01.185332
01.081415
01.288006
00.996946
00.985341
01.186366
01.099440
01.085571
00.992088
01.078357
01.100716
01.098345
01.186448
00.996521
01.200771
01.278773
01.104986
01.173510
01.194091
01.093218
01.177885
01.000149
01.078477
01.099757
01.088870
01.103403
01.204947
01.282970
01.287867
01.187511
01.187764
01.095847
01.079699
01.185878
00.995984
01.193444
00.991344
01.103641
