00.171871
00.163953
00.190610
00.192919
00.214052
00.163181
00.218318
00.261910
00.190288
00.204082
00.179142
00.145491
00.127260
00.220308
00.214562
00.156159
00.133965
00.196338
00.206815
00.177054
00.192135
00.209849
00.186638
00.233147
00.247589
00.210271
00.162215
00.192637
00.166823
00.216096
00.218554
00.215663
00.165101
00.184098
00.179913
00.160371
00.196137
00.206877
00.231425
00.246934
00.239403
00.207862
00.157586
00.177767
00.408861
00.217178
00.180881
00.190905
00.167045
00.158323
00.186875
00.231112
00.148430
00.416474
00.217644
00.190607
00.254036
00.183018
00.172888
00.191082
00.227896
00.223505
00.179395
00.153777
00.236962
00.166470
00.204045
00.222238
00.275740
00.174080
00.411923
00.163044
00.189394
00.167802
00.217679
00.229786
00.187461
00.156411
00.149703
00.225699
00.159722
00.181972
00.183667
00.188378
00.220137
00.343421
00.216259
00.189189
00.186067
00.197738
00.188419
00.319926
00.173510
00.206684
00.145721
00.403082
00.252304
00.233016
00.159609
00.180703
