01.268315
01.365899
01.016313
01.142106
01.084149
01.079068
01.126254
01.533636
01.160244
01.283718
01.301238
01.107424
01.363847
01.338899
01.475079
01.276697
01.327021
01.213649
01.169215
01.398587
01.355165
01.814107
01.004988
00.958034
01.207248
01.668712
01.105218
01.155368
01.269895
01.383079
01.194248
01.273832
01.416433
01.630432
01.933339
01.159846
01.867137
01.416561
01.557355
01.629246
01.200010
01.414373
01.182630
01.171955
01.145489
01.406610
01.130497
01.282045
01.522050
01.286399
01.785579
01.277494
01.363352
01.413918
01.260329
01.315845
01.573769
01.400821
01.256723
01.490803
01.473364
01.501811
01.123317
01.248673
01.770868
01.340532
01.213162
01.173562
01.341007
01.176605
01.592173
01.454508
01.528636
01.297310
01.058857
01.073902
01.782007
01.262982
01.406986
01.400891
01.448953
01.689938
01.287780
01.099657
01.128453
01.389708
01.269926
01.907765
01.341507
01.409835
01.186916
01.100361
01.710035
01.257009
01.501962
01.122388
01.370157
01.346669
01.419829
01.175361
