00.281032
00.222457
00.261068
00.264526
00.331685
00.237373
00.225520
00.241221
00.298510
00.288452
00.191904
00.243991
00.435079
00.234475
00.192954
00.269652
00.322628
00.337924
00.452170
00.182873
00.253685
00.403483
00.286337
00.289881
00.190207
00.198011
00.276874
00.243966
00.353410
00.444236
00.256540
00.201070
00.270825
00.301331
00.287362
00.308366
00.273148
00.341564
00.573087
00.327030
00.454598
00.366352
00.222948
00.310816
00.213106
00.303541
00.302985
00.306936
00.250289
00.384312
00.246371
00.214475
00.211183
00.390365
00.214587
00.486329
00.315885
00.266627
00.241202
00.311364
00.306270
00.309479
00.440690
00.218084
00.297323
00.316966
00.236529
00.258667
00.268329
00.414210
00.332982
00.221455
00.293734
00.239033
00.189805
00.325281
00.322658
00.199592
00.325244
00.428356
00.270868
00.264942
00.422481
00.196878
00.271076
00.255726
00.227649
00.350526
00.324848
00.280431
00.635688
00.223011
00.327081
00.322003
00.340104
00.467456
00.226377
00.193124
00.497774
00.332887
