02.006748
02.346399
02.209993
02.086517
02.206318
02.466308
02.716695
02.146340
02.687071
01.996899
02.665332
02.280843
02.557320
02.384230
02.537961
02.224641
02.101464
02.388743
02.306358
02.924091
02.989642
02.224554
02.560877
02.400225
02.296477
02.660040
02.736567
02.397101
02.167780
03.185826
02.886505
02.509240
02.934163
02.196560
02.738316
02.424420
02.611312
02.635398
02.744520
02.426330
02.680093
02.658069
02.450554
02.333721
02.416518
02.676611
03.303119
02.609929
03.226804
02.817011
02.632909
02.139479
02.391727
02.390143
02.570953
02.233675
02.790771
02.503205
02.353972
02.450501
02.850178
02.682626
02.390245
02.199768
02.742022
02.636525
02.719690
02.503894
02.590416
02.624532
02.073049
02.623459
02.453012
02.754892
02.626969
02.520807
02.232982
02.649975
02.402733
02.334672
02.523720
03.279948
02.379684
02.103334
02.393797
02.833538
02.686730
03.218626
02.202112
02.796817
02.636506
02.761271
03.044045
02.978675
02.445171
02.396774
02.711273
02.883510
02.210014
02.526690
